5.934404756136845390e+04 1.042998306080110016e+00 1.351525472318355035e-02
5.934404779244904057e+04 1.027706079096377234e+00 1.368932204063458453e-02
5.934404802352962724e+04 1.030432367929103643e+00 1.394981200417655214e-02
5.934404825461021392e+04 1.032889041749039505e+00 1.394032781228364201e-02
5.934404848569080059e+04 1.020490070294090446e+00 1.383153585146295467e-02
5.934404871677137999e+04 1.033515108174630326e+00 1.373076723089733733e-02
5.934404894785196666e+04 1.000000000000000000e+00 1.418026229274565314e-02
5.934404917893254606e+04 1.031040418599995290e+00 1.392487334838601876e-02
5.934404941001314000e+04 1.042573303109402660e+00 1.405070438174351767e-02
5.934404964109371940e+04 1.027741981241233615e+00 1.408033893185989260e-02
5.934404987217430607e+04 1.033744099912970116e+00 1.396327216069938662e-02
5.934405010325488547e+04 1.034332686387866795e+00 1.396212376648772562e-02
5.934405033433546487e+04 1.014626264399230537e+00 1.381381096935087142e-02
5.934405056541604426e+04 1.006711071724103013e+00 1.394216846654228008e-02
5.934405079649662366e+04 1.018046913084912353e+00 1.400669927322368592e-02
5.934405102757720306e+04 1.029765389657828711e+00 1.420712522399158496e-02
5.934405125865778245e+04 1.017657752175646468e+00 1.375197965623802150e-02
5.934405148973836185e+04 1.036704569687012079e+00 1.382167193075846574e-02
5.934405172081894852e+04 1.039688917428031489e+00 1.384236341014081356e-02
5.934405195189952065e+04 1.061721963719173045e+00 1.383209784859672047e-02
5.934405218298010004e+04 1.018423232827466496e+00 1.391288569436429853e-02
5.934405241406067944e+04 1.050411443231231479e+00 1.369072240088325607e-02
5.934405264514125156e+04 1.071930927877546624e+00 1.384694742902733457e-02
5.934405287622182368e+04 1.069944374617579630e+00 1.406527773048652993e-02
5.934405310730240308e+04 1.048575893360336631e+00 1.378224186189873184e-02
5.934405333838297520e+04 1.080431611824383520e+00 1.362148183745425130e-02
5.934405356946354732e+04 1.061451197533144430e+00 1.391923765808081651e-02
5.934405380054411944e+04 1.080836734841061686e+00 1.385785455146195527e-02
5.934405403162469156e+04 1.086072282765366159e+00 1.365634244507999209e-02
5.934405426270526368e+04 1.116234818079979041e+00 1.389095384822626456e-02
5.934405449378583580e+04 1.117897514657922864e+00 1.354018896270784561e-02
5.934405472486640792e+04 1.110725123304018069e+00 1.390805682784697177e-02
5.934405495594698004e+04 1.107531144625867325e+00 1.389805702163878810e-02
5.934405518702755944e+04 1.056341193168026216e+00 1.358268175777758296e-02
5.934405541810812429e+04 1.106153575573908032e+00 1.367513969551406236e-02
5.934405564918869641e+04 1.113180478385802141e+00 1.401064571168614617e-02
5.934405588026926125e+04 1.089945292910948771e+00 1.373365330201475540e-02
5.934405611134983337e+04 1.105874044896637542e+00 1.394071010431153709e-02
5.934405634243039822e+04 1.108288823588603256e+00 1.402005357867604739e-02
5.934405657351097761e+04 1.079656327490853052e+00 1.388141347210815162e-02
5.934405680459154246e+04 1.073173316123543275e+00 1.393413138936722140e-02
5.934405703567210730e+04 1.105572962254870673e+00 1.467063994305757742e-02
5.934405726675267215e+04 1.116755464085940064e+00 1.457394158429255356e-02
5.934405749783323699e+04 1.105830680541090905e+00 1.398542153314301199e-02
5.934405772891380911e+04 1.110808353804446424e+00 1.447923407642448361e-02
5.934405795999437396e+04 1.116434306170499546e+00 1.393334874636168591e-02
5.934405819107493880e+04 1.145902998500812897e+00 1.399807796808423890e-02
5.934405842215549637e+04 1.142977114885858514e+00 1.398762971000672324e-02
5.934405865323606849e+04 1.118031542711334092e+00 1.374904592667917751e-02
5.934405888431663334e+04 1.133352450103325859e+00 1.406257288709957670e-02
5.934405911539719818e+04 1.163517055324456928e+00 1.368902775022644638e-02
5.934405934647776303e+04 1.146418706369501495e+00 1.396177572809140059e-02
5.934405957755832787e+04 1.190251156033142133e+00 1.393066714994472752e-02
5.934405980863888544e+04 1.135988822556212474e+00 1.410198399884052961e-02
5.934406003971945756e+04 1.198612884638721399e+00 1.395941783405803445e-02
5.934406027080001513e+04 1.211078555345348029e+00 1.443817555136929498e-02
5.934406050188057998e+04 1.180137195319498344e+00 1.404729902295646753e-02
5.934406073296113755e+04 1.216113455108853048e+00 1.429910295267536671e-02
5.934406096404170239e+04 1.215149912562142331e+00 1.399190242508443170e-02
5.934406119512226724e+04 1.211392580594465862e+00 1.398319220491045338e-02
5.934406142620282480e+04 1.232115373648944967e+00 1.394483490653166541e-02
5.934406165728338965e+04 1.220792296624631401e+00 1.364524831731067471e-02
5.934406188836393994e+04 1.207420465000794030e+00 1.353771872994035362e-02
5.934406211944450479e+04 1.234590510893370796e+00 1.356666058626434385e-02
5.934406235052506963e+04 1.244359628778408888e+00 1.342582610863795461e-02
5.934406258160562720e+04 1.280766101858635153e+00 1.360084732046940546e-02
5.934406281268618477e+04 1.257005061616135455e+00 1.344475741873443937e-02
5.934406304376674234e+04 1.273226699783546856e+00 1.319612177281203474e-02
5.934406327484729991e+04 1.279030994247807085e+00 1.372551682298400570e-02
5.934406350592785748e+04 1.289144120538628258e+00 1.392647160660819179e-02
5.934406373700842232e+04 1.307047813792768132e+00 1.399448834218036328e-02
5.934406396808897989e+04 1.285134243900073470e+00 1.329300382474292268e-02
5.934406419916953018e+04 1.319844883295963278e+00 1.357763442804612967e-02
5.934406443025008775e+04 1.318094123022744979e+00 1.356700421341315056e-02
5.934406466133064532e+04 1.331266171481410243e+00 1.335009324753415674e-02
5.934406489241119561e+04 1.338234424277740198e+00 1.348896917150421357e-02
5.934406512349175318e+04 1.350060553303598976e+00 1.362937664388723033e-02
5.934406535457231075e+04 1.343014272116216601e+00 1.318858407351082736e-02
5.934406558565285377e+04 1.367298513116638414e+00 1.373921794994608508e-02
5.934406581673341134e+04 1.412837803626012745e+00 1.374025069306587452e-02
5.934406604781396163e+04 1.369999294518072341e+00 1.332445743783412968e-02
5.934406627889451920e+04 1.396532529585211568e+00 1.372609168225149938e-02
5.934406650997506949e+04 1.390812915686074680e+00 1.345325110995508784e-02
5.934406674105561251e+04 1.411486141021696783e+00 1.350243142924431941e-02
5.934406697213617008e+04 1.414353917796648874e+00 1.370462582534056305e-02
5.934406720321672037e+04 1.419475010632049505e+00 1.345748585202587166e-02
5.934406743429727067e+04 1.442843804755401083e+00 1.341436513136153204e-02
5.934406766537782096e+04 1.467018241539481016e+00 1.336270077560215534e-02
5.934406789645837125e+04 1.452334901314586535e+00 1.384212960130629458e-02
5.934406812753892154e+04 1.482458537426914580e+00 1.329600757994997724e-02
5.934406835861947184e+04 1.493336238520794890e+00 1.368686923833752934e-02
5.934406858970002213e+04 1.479676165329415927e+00 1.341365995726633530e-02
5.934406882078057242e+04 1.495185443112357460e+00 1.351459051047194763e-02
5.934406905186111544e+04 1.491634692595984246e+00 1.331582093181450828e-02
5.934406928294166573e+04 1.522387966620820432e+00 1.345643737223577337e-02
5.934406951402220875e+04 1.522229978910512482e+00 1.347697917616494726e-02
5.934406974510275904e+04 1.491927570855738017e+00 1.340994250715850725e-02
5.934406997618330206e+04 1.526584653210958153e+00 1.344056223841995877e-02
5.934407020726384508e+04 1.548754973382852729e+00 1.370036919258275573e-02
5.934407043834439537e+04 1.547188419285068450e+00 1.371866105707236425e-02
5.934407066942494566e+04 1.573020572546118823e+00 1.351140644075328121e-02
5.934407090050548868e+04 1.508071237423757704e+00 1.335937102357332568e-02
5.934407113158603170e+04 1.544882817000355235e+00 1.347758427321050015e-02
5.934407136266657471e+04 1.584701534621670627e+00 1.369614643992175113e-02
5.934407159374711773e+04 1.549147414192207028e+00 1.324478680044844162e-02
5.934407182482765347e+04 1.572922033817047982e+00 1.354751932818469735e-02
5.934407205590819649e+04 1.555470811243451434e+00 1.354825922656995203e-02
5.934407228698873951e+04 1.552083682897994699e+00 1.366353699184813530e-02
5.934407251806928252e+04 1.559626689856398407e+00 1.369161474625634617e-02
5.934407274914982554e+04 1.565777452965178451e+00 1.339613043820757354e-02
5.934407298023036128e+04 1.591953149693024816e+00 1.352153130243007040e-02
5.934407321131090430e+04 1.568698223219959775e+00 1.340260158861874759e-02
5.934407344239144004e+04 1.561318094225670361e+00 1.338808147730580732e-02
5.934407367347198306e+04 1.574586029173764334e+00 1.347005713187597771e-02
5.934407390455251880e+04 1.569573829320149772e+00 1.354730170587643660e-02
5.934407413563306181e+04 1.563026536246129972e+00 1.321970204981294181e-02
5.934407436671360483e+04 1.552920514273501418e+00 1.311246015194422396e-02
5.934407459779414057e+04 1.533826832627073422e+00 1.318658911893189241e-02
5.934407482887466904e+04 1.563425799641704250e+00 1.327520185139272925e-02
5.934407505995520478e+04 1.529576631372971951e+00 1.330619689326211288e-02
5.934407529103574780e+04 1.529076864601278007e+00 1.316103313354554348e-02
5.934407552211628354e+04 1.540383733971234959e+00 1.320690089740749786e-02
5.934407575319681200e+04 1.546598805628421669e+00 1.311692009930949705e-02
5.934407598427734774e+04 1.513257534654104175e+00 1.336761098333128991e-02
5.934407621535788348e+04 1.529435636241789132e+00 1.314850087382955952e-02
5.934407644643841923e+04 1.512179152214648603e+00 1.310059806381504155e-02
5.934407667751894769e+04 1.505955035885677251e+00 1.306166976566116786e-02
5.934407690859948343e+04 1.508139924339574112e+00 1.301587878076899615e-02
5.934407713968001190e+04 1.483406986299046437e+00 1.290754750024787970e-02
5.934407737076054764e+04 1.490113441202098432e+00 1.298172895896167016e-02
5.934407760184107610e+04 1.473980212144413215e+00 1.340780824350186126e-02
5.934407783292160457e+04 1.461003541214300316e+00 1.309528953039253846e-02
5.934407806400213303e+04 1.454313492408541242e+00 1.315421205869612628e-02
5.934407829508266877e+04 1.461940799924186685e+00 1.347363729535929616e-02
5.934407852616319724e+04 1.422662516936173516e+00 1.315235400444637708e-02
5.934407875724372570e+04 1.401417751971836267e+00 1.316979293076289866e-02
5.934407898832424689e+04 1.522682602708253397e+00 1.281025717992247126e-02
5.934407921940477536e+04 1.393923272486342624e+00 1.297803625657517265e-02
5.934407945048530382e+04 1.384299497881909424e+00 1.313624311524753778e-02
5.934407968156583229e+04 1.379223379634578306e+00 1.336129181125810840e-02
5.934407991264636075e+04 1.339019520830146526e+00 1.386272132561441189e-02
5.934408014372688194e+04 1.346805524235403784e+00 1.389520280292729122e-02
5.934408037480741041e+04 1.322702938290994057e+00 1.392873259828419745e-02
5.934408060588793887e+04 1.335237962902621200e+00 1.379090838030711148e-02
5.934408083696846006e+04 1.340012083696935363e+00 1.357926376700339423e-02
5.934408106804898853e+04 1.308882584081892952e+00 1.324746877972866541e-02
5.934408129912950972e+04 1.317489940603448817e+00 1.354276371303989035e-02
5.934408153021003091e+04 1.285983036431977755e+00 1.349414778093355714e-02
5.934408176129055937e+04 1.277047061825191898e+00 1.379424175961479690e-02
5.934408199237108056e+04 1.271194208107075063e+00 1.353158849485109998e-02
5.934408222345160175e+04 1.240264706287480756e+00 1.343339089618264884e-02
5.934408245453212294e+04 1.236585814257021854e+00 1.350114326865442874e-02
5.934408268561264413e+04 1.263013117443816169e+00 1.351044937230912700e-02
5.934408291669316532e+04 1.222179123864411077e+00 1.303546131420551743e-02
5.934408314777368651e+04 1.215228692544418676e+00 1.339343499051797413e-02
5.934408337885420042e+04 1.193268072071847152e+00 1.320507018869728627e-02
5.934408360993472888e+04 1.165269143482424941e+00 1.336795626109096684e-02
5.934408384101524280e+04 1.194151894580155027e+00 1.321545241853383165e-02
5.934408407209575671e+04 1.205247446610806072e+00 1.331510783133317381e-02
5.934408430317628518e+04 1.172699564524880556e+00 1.293310859043624896e-02
5.934408453425679909e+04 1.166877610140551580e+00 1.339923129628556656e-02
5.934408476533732028e+04 1.153811948191016512e+00 1.310009393065723546e-02
5.934408499641783419e+04 1.148318543930583857e+00 1.330455436977302959e-02
5.934408522749835538e+04 1.143550798470864160e+00 1.326511790082570905e-02
5.934408545857887657e+04 1.139657669542146090e+00 1.319225589868372288e-02
5.934408568965938321e+04 1.108917828465273647e+00 1.342674776058294141e-02
5.934408592073990440e+04 1.127918225476145286e+00 1.340238716343958997e-02
5.934408615182041831e+04 1.114260634576414777e+00 1.316221752072446044e-02
5.934408638290092495e+04 1.104327156995457360e+00 1.343275100242202584e-02
5.934408661398144613e+04 1.113503733074886481e+00 1.337335250467271142e-02
5.934408684506196005e+04 1.105713174110060315e+00 1.326770557212639083e-02
5.934408707614247396e+04 1.073517852656338922e+00 1.364442662247603195e-02
5.934408730722298060e+04 1.085349381634173493e+00 1.340362014002870542e-02
5.934408753830350179e+04 1.091308888117176856e+00 1.355119994182299448e-02
5.934408776938400842e+04 1.052074709915424178e+00 1.345122821904152187e-02
5.934408800046451506e+04 1.075019148771081179e+00 1.323806136168512865e-02
5.934408823154502898e+04 1.062824763544527373e+00 1.317207794522785337e-02
5.934408846262554289e+04 1.069395259116847408e+00 1.350638139970676381e-02
5.934408869370604953e+04 1.052011557130970054e+00 1.329328337413535240e-02
5.934408892478656344e+04 1.070949010873799789e+00 1.358824179982719323e-02
5.934408915586707008e+04 1.062207723568593165e+00 1.340283696761102906e-02
5.934408938694758399e+04 1.057410541559589801e+00 1.329768519942726469e-02
5.934408961802808335e+04 1.083286489117402773e+00 1.333932545361047467e-02
5.934408984910859726e+04 1.043151776236986183e+00 1.312140599040234092e-02
5.934409008018910390e+04 1.052217565509453445e+00 1.347886749103380244e-02
5.934409031126961054e+04 1.045137459569543514e+00 1.339071000834623007e-02
5.934409054235010990e+04 1.039867117914898165e+00 1.330941559341487258e-02
5.934409077343062381e+04 1.031650954346483351e+00 1.310057218649315382e-02
5.934409100451113045e+04 1.048415007689789347e+00 1.333247908050799908e-02
5.934409123559162981e+04 1.022731488632851127e+00 1.299912376197466697e-02
5.934409146667213645e+04 1.032439346716724549e+00 1.310516570250250777e-02
5.934409169775264309e+04 1.008802443097007062e+00 1.327469835187622751e-02
5.934409192883314245e+04 1.015115811922067346e+00 1.316908767803236235e-02
5.934409215991364908e+04 1.010193022157084730e+00 1.302691685925160339e-02
5.934409239099414845e+04 1.004826398141903887e+00 1.309598258285109978e-02
5.934409262207465508e+04 1.005155728316381447e+00 1.299478630982190720e-02
5.934409285315514717e+04 1.036586695687368165e+00 1.294634090756612704e-02
5.934409308423564653e+04 1.006851812230397547e+00 1.295863412121880422e-02
5.934409331531615317e+04 1.016274228626079301e+00 1.324531690699292698e-02
5.934409354639665253e+04 1.025746072671189557e+00 1.292039547014806403e-02
5.934409377747715189e+04 1.014591559556665690e+00 1.307193691062361399e-02
5.934409400855764397e+04 1.030070466605055968e+00 1.319886055312818537e-02
5.934409423963815061e+04 1.026344872513538453e+00 1.291062387087940112e-02
5.934409447071864270e+04 1.048375798025492411e+00 1.278002216836515367e-02
5.934409470179914933e+04 1.021916838939564309e+00 1.299637446238619161e-02
5.934409493287964142e+04 1.025021896419511691e+00 1.268707423950841441e-02
5.934409516396014078e+04 1.030976980853715697e+00 1.271721096045442916e-02
5.934409539504063287e+04 1.053474614009629828e+00 1.285391678449460812e-02
5.934409562612113223e+04 1.047837255268672330e+00 1.291077486201181075e-02
5.934409585720162431e+04 1.081892308871251762e+00 1.282516230216289646e-02
5.934409608828212367e+04 1.071770705807483681e+00 1.291430922396547519e-02
5.934409631936261576e+04 1.096243538301611142e+00 1.290882549685871440e-02
5.934409655044310784e+04 1.069680086248832040e+00 1.292980529976386905e-02
5.934409678152359993e+04 1.092040435572323887e+00 1.312526198687401224e-02
5.934409701260409201e+04 1.087609448682569591e+00 1.293705126707021986e-02
5.934409724368458410e+04 1.067659159063798935e+00 1.278935705243425085e-02
5.934409747476506891e+04 1.107142839467608386e+00 1.289617279385251933e-02
5.934409770584556827e+04 1.113261470783433849e+00 1.292627522923272231e-02
5.934409793692605308e+04 1.094728742967804980e+00 1.294166206702329104e-02
5.934409816800653789e+04 1.139263136724837810e+00 1.313508705211133276e-02
5.934409839908702997e+04 1.106184094738907664e+00 1.307911304252716567e-02
5.934409863016751478e+04 1.111758258569711444e+00 1.274143545890752544e-02
5.934409886124800687e+04 1.104541990969681642e+00 1.298126601240421653e-02
5.934409909232849168e+04 1.073895502067067298e+00 1.309450082365809336e-02
5.934409932340897649e+04 1.107950487005441298e+00 1.317805478740173911e-02
5.934409955448946130e+04 1.274726980590401348e+00 1.315342616560067138e-02
5.934409978556995338e+04 1.112097548211885112e+00 1.307555872127300761e-02
5.934410001665043819e+04 1.096010917595490630e+00 1.306390041480245436e-02
5.934410024773092300e+04 1.129742041823312837e+00 1.323597222015924189e-02
5.934410047881140054e+04 1.140303294918210586e+00 1.330777546275148035e-02
5.934410070989188534e+04 1.128094883665783144e+00 1.326671895051205474e-02
5.934410094097237015e+04 1.115958826723022490e+00 1.325861935944306486e-02
5.934410117205284769e+04 1.160875732377899761e+00 1.327313137454740402e-02
5.934410140313333250e+04 1.146094061516199636e+00 1.316195900509822825e-02
5.934410163421381003e+04 1.157590595612919993e+00 1.307970285742409387e-02
5.934410186529429484e+04 1.146303524114956840e+00 1.289651705903304899e-02
5.934410209637477237e+04 1.152972785435819159e+00 1.298532394049158913e-02
5.934410232745524991e+04 1.170408694606742905e+00 1.336429517803628536e-02
5.934410255853573472e+04 1.187974288226682829e+00 1.341469301916279645e-02
5.934410278961621225e+04 1.192607411750810531e+00 1.312714669862531831e-02
5.934410302069668978e+04 1.190271320738287564e+00 1.325900089207237773e-02
5.934410325177716732e+04 1.218393955768959147e+00 1.274158032629083524e-02
5.934410348285764485e+04 1.187349726712798370e+00 1.291009169220744615e-02
5.934410371393812238e+04 1.195156925046690466e+00 1.300274672520516060e-02
5.934410394501860719e+04 1.215320490888398997e+00 1.319190202988420983e-02
5.934410417609908473e+04 1.214971169898462655e+00 1.316149545712025012e-02
5.934410440717955498e+04 1.227529941554042825e+00 1.288830205137502308e-02
5.934410463826003979e+04 1.231987047922702860e+00 1.301141266333570752e-02
5.934410486934051005e+04 1.218809984010752467e+00 1.321411394878084337e-02
5.934410510042098758e+04 1.216283054021213061e+00 1.323731781721843546e-02
5.934410533150146512e+04 1.276359873343619000e+00 1.354539960115402550e-02
5.934410556258194265e+04 1.267595803377064678e+00 1.289536911347853067e-02
5.934410579366242018e+04 1.279608341453191578e+00 1.303959029602700347e-02
5.934410602474289044e+04 1.285602643704102821e+00 1.299415028540529433e-02
5.934410625582336797e+04 1.305925584675257545e+00 1.295386599177820487e-02
5.934410648690384551e+04 1.291522353547471580e+00 1.319147074692712286e-02
5.934410671798432304e+04 1.333482697095394576e+00 1.283185157908454249e-02
5.934410694906480057e+04 1.309417875823772448e+00 1.317987137969129675e-02
5.934410718014527083e+04 1.321309072133574958e+00 1.335149495068367956e-02
5.934410741122574109e+04 1.321721240897257399e+00 1.315857165188155306e-02
5.934410764230621135e+04 1.347099892281566458e+00 1.329281002765961457e-02
5.934410787338668888e+04 1.340040317498267353e+00 1.293480873651579877e-02
5.934410810446715914e+04 1.354647407600718445e+00 1.333604110544216528e-02
5.934410833554762939e+04 1.382113020117173408e+00 1.333724909007514246e-02
5.934410856662809965e+04 1.363213724408794736e+00 1.325710229596083201e-02
5.934410879770856991e+04 1.386460018770722336e+00 1.332160204014314238e-02
5.934410902878904744e+04 1.386832896823076533e+00 1.314320823665386488e-02
5.934410925986951042e+04 1.415487307912587367e+00 1.316515993947276267e-02
5.934410949094998796e+04 1.422353589122635098e+00 1.347674012654197749e-02
5.934410972203045094e+04 1.409103535028720211e+00 1.345745047916042589e-02
5.934410995311092120e+04 1.434915282202352982e+00 1.330403164917178319e-02
5.934411018419138418e+04 1.439126278647150592e+00 1.341180452738042692e-02
5.934411041527185444e+04 1.481987218676218188e+00 1.347744042049851300e-02
5.934411064635232469e+04 1.471611365009624528e+00 1.356107251204575516e-02
5.934411087743278767e+04 1.470226701446588402e+00 1.383338502615669499e-02
5.934411110851325793e+04 1.479360547668702619e+00 1.363370737035040497e-02
5.934411133959372819e+04 1.478258386819835790e+00 1.362193491432456272e-02
5.934411157067419117e+04 1.499870449344647749e+00 1.351397125177063695e-02
5.934411180175466143e+04 1.511955091785083027e+00 1.355442315302870029e-02
5.934411203283511713e+04 1.526149361591857989e+00 1.382346458958037122e-02
5.934411226391558739e+04 1.523452811625050307e+00 1.363652388076758669e-02
5.934411249499605037e+04 1.511744328068638454e+00 1.354245204146194495e-02
5.934411272607651335e+04 1.525339839041658152e+00 1.382443677612650926e-02
5.934411295715697634e+04 1.527108547761510726e+00 1.355914032924446753e-02
5.934411318823744659e+04 1.546828969947225962e+00 1.361369332024771860e-02
5.934411341931790957e+04 1.541185286029752799e+00 1.376884825690303030e-02
5.934411365039836528e+04 1.537194955732914758e+00 1.349924938178549520e-02
5.934411388147883554e+04 1.564942337846188636e+00 1.362987363669129239e-02
5.934411411255929124e+04 1.581127220181422599e+00 1.348870606810206874e-02
5.934411434363975422e+04 1.560721232135386938e+00 1.382028964692751799e-02
5.934411457472020993e+04 1.551404916899821851e+00 1.365710364319855027e-02
5.934411480580067291e+04 1.587866182359955802e+00 1.353099582483810112e-02
5.934411503688112862e+04 1.568676882919024962e+00 1.376577391531021849e-02
5.934411526796158432e+04 1.579950926854010174e+00 1.322123140627611514e-02
5.934411549904204003e+04 1.545585275972035877e+00 1.353249030274319975e-02
5.934411573012250301e+04 1.579978956664309209e+00 1.357550525505690255e-02
5.934411596120295872e+04 1.593824536546564419e+00 1.336940893448286538e-02
5.934411619228341442e+04 1.580507217219956573e+00 1.334896112059672998e-02
5.934411642336387740e+04 1.590770581615475576e+00 1.339565588514230778e-02
5.934411665444432583e+04 1.572096122163283205e+00 1.329184702840455548e-02
5.934411688552478881e+04 1.581022559743248568e+00 1.383436853220727618e-02
5.934411711660523724e+04 1.596206009839833850e+00 1.335534368200504141e-02
5.934411734768569295e+04 1.591268312042654509e+00 1.326153986032734163e-02
5.934411757876614865e+04 1.553821098575246085e+00 1.340675167636597165e-02
5.934411780984660436e+04 1.551781214780910023e+00 1.350831631074061838e-02
5.934411804092706006e+04 1.565686475805581734e+00 1.337263940883574517e-02
5.934411827200750849e+04 1.557719052000503313e+00 1.336355371483062549e-02
5.934411850308796420e+04 1.538460176784657296e+00 1.359140943288303371e-02
5.934411873416841263e+04 1.512202844119252987e+00 1.348066977204059533e-02
5.934411896524886834e+04 1.552749643444494732e+00 1.340770909887256147e-02
5.934411919632931676e+04 1.546887019613493841e+00 1.330009618376284952e-02
5.934411942740977247e+04 1.525220042869226189e+00 1.323449097312265517e-02
5.934411965849022090e+04 1.503735451081437358e+00 1.330802731988730073e-02
5.934411988957066933e+04 1.516219704529841561e+00 1.329953082464229407e-02
5.934412012065112503e+04 1.476939774110962444e+00 1.314036461118234939e-02
5.934412035173156619e+04 1.497862733776746058e+00 1.341804441169691664e-02
5.934412058281202189e+04 1.490995955179930776e+00 1.356034440232114190e-02
5.934412081389246305e+04 1.467676391679398007e+00 1.336744938722051780e-02
5.934412104497291148e+04 1.456842504092630941e+00 1.355373487266594602e-02
5.934412127605335991e+04 1.440090522606465306e+00 1.332758717497714053e-02
5.934412150713380834e+04 1.445616323720799734e+00 1.345656957789402586e-02
5.934412173821424949e+04 1.403506645676308784e+00 1.368711127490903484e-02
5.934412196929469792e+04 1.395928441278471377e+00 1.344608850071274397e-02
5.934412220037513907e+04 1.389256003721109467e+00 1.332213277523484549e-02
5.934412243145559478e+04 1.377863494974979730e+00 1.344719057246021934e-02
5.934412266253602866e+04 1.327337312569180527e+00 1.347563732127154273e-02
5.934412289361647709e+04 1.340840766520167371e+00 1.377976338074418487e-02
5.934412312469691824e+04 1.374124340223661367e+00 1.378352364398118847e-02
5.934412335577736667e+04 1.339901585050919719e+00 1.378617181544107388e-02
5.934412358685780782e+04 1.351929565699904634e+00 1.394826848245112917e-02
5.934412381793825625e+04 1.300451670780219171e+00 1.415934977698547932e-02
5.934412404901869013e+04 1.296343317484472957e+00 1.451299327874215617e-02
5.934412428009913856e+04 1.281607788052752550e+00 1.442630335919606321e-02
5.934412451117957244e+04 1.282328067198028831e+00 1.423931386541057650e-02
5.934412474226002087e+04 1.270459885206030481e+00 1.419573209372938793e-02
5.934412497334045474e+04 1.257304350187633535e+00 1.443127296709279667e-02
5.934412520442090317e+04 1.225826919163937490e+00 1.394012245427646984e-02
5.934412543550133705e+04 1.215468303122010818e+00 1.411342334300022365e-02
5.934412566658177820e+04 1.220457660042768788e+00 1.430156609712274728e-02
5.934412589766221208e+04 1.237840608000584375e+00 1.450622754559133601e-02
5.934412612874265324e+04 1.216465741006136581e+00 1.443389585534358976e-02
5.934412635982308711e+04 1.180044880856566225e+00 1.403377537808266420e-02
5.934412659090352827e+04 1.190430044747204708e+00 1.425247938900389873e-02
5.934412682198396215e+04 1.182359990084392187e+00 1.407248085971387827e-02
5.934412705306440330e+04 1.160923427539297004e+00 1.382174612282813936e-02
5.934412728414483718e+04 1.153792560253376509e+00 1.409575556839784069e-02
5.934412751522527105e+04 1.170676405869907510e+00 1.374342186058544538e-02
5.934412774630571221e+04 1.132909590656416166e+00 1.385494806174411911e-02
5.934412797738613881e+04 1.145201072939714404e+00 1.377099850624297767e-02
5.934412820846657269e+04 1.115630189345552470e+00 1.362243316730484856e-02
5.934412843954701384e+04 1.118374407717293018e+00 1.374852083980926572e-02
5.934412867062744044e+04 1.122125718405017514e+00 1.342237002549664417e-02
5.934412890170788160e+04 1.093731009297674861e+00 1.363850738804891355e-02
5.934412913278830820e+04 1.080361861660989575e+00 1.346290185943638425e-02
5.934412936386873480e+04 1.109731151733458265e+00 1.367919266435043378e-02
5.934412959494917595e+04 1.104227342245594379e+00 1.360375484460645511e-02
5.934412982602960255e+04 1.118246749384572913e+00 1.363578584308485810e-02
5.934413005711003643e+04 1.080329840962261034e+00 1.334096048027750593e-02
5.934413028819046303e+04 1.090458364973863503e+00 1.318017398877956506e-02
5.934413051927089691e+04 1.062713750377679567e+00 1.355861412397901117e-02
5.934413075035132351e+04 1.087610414939880643e+00 1.325529705719356854e-02
5.934413098143175739e+04 1.084324960621449341e+00 1.326323017723634277e-02
5.934413121251219127e+04 1.065464856552495343e+00 1.311472668909348382e-02
