5.934404756136845390e+04 1.069928656896350638e+00 1.294726072459216615e-02
5.934404779244904057e+04 1.062377831418908070e+00 1.301901680966704132e-02
5.934404802352962724e+04 1.070250085057900202e+00 1.320757816597321020e-02
5.934404825461021392e+04 1.036703727375289263e+00 1.298727698554707002e-02
5.934404848569080059e+04 1.029518543450638202e+00 1.293609742521288977e-02
5.934404871677137999e+04 1.050757173748210427e+00 1.293157738169255916e-02
5.934404894785196666e+04 1.058265052552634478e+00 1.332342994236550976e-02
5.934404917893254606e+04 1.035905582525302959e+00 1.303310438459005793e-02
5.934404941001314000e+04 1.011934349852315451e+00 1.308666781504125472e-02
5.934404964109371940e+04 1.030598754556002028e+00 1.292343011537695763e-02
5.934404987217430607e+04 1.025470624414300591e+00 1.280857251858085084e-02
5.934405010325488547e+04 1.021612343167963122e+00 1.295905424160374679e-02
5.934405033433546487e+04 1.002968122291505448e+00 1.295059954162343201e-02
5.934405056541604426e+04 1.024971645259760145e+00 1.280400419696745527e-02
5.934405079649662366e+04 1.019042295542111010e+00 1.309805094808670807e-02
5.934405102757720306e+04 1.012203976287473495e+00 1.297622455220817303e-02
5.934405125865778245e+04 1.025369683133618093e+00 1.280413212754677975e-02
5.934405148973836185e+04 1.030136369643022798e+00 1.265467844979270735e-02
5.934405172081894852e+04 1.065440018670442468e+00 1.309541511992903112e-02
5.934405195189952065e+04 1.076460088917885249e+00 1.317375950676140904e-02
5.934405218298010004e+04 1.032934935882882765e+00 1.292197541425452872e-02
5.934405241406067944e+04 1.047653196726718861e+00 1.302203810856997733e-02
5.934405264514125156e+04 1.066481781578966892e+00 1.302814282836039193e-02
5.934405287622182368e+04 1.080683625481447807e+00 1.285028987443632975e-02
5.934405310730240308e+04 1.101827982805860362e+00 1.323570074820853114e-02
5.934405333838297520e+04 1.076273951979458410e+00 1.304843633263728930e-02
5.934405356946354732e+04 1.110351429271114521e+00 1.322347475151547207e-02
5.934405380054411944e+04 1.097307063927160042e+00 1.298980672197582939e-02
5.934405403162469156e+04 1.099404177005887107e+00 1.325546440523733306e-02
5.934405426270526368e+04 1.122178964052263250e+00 1.300882318323905162e-02
5.934405449378583580e+04 1.142151684965432290e+00 1.322348889772021613e-02
5.934405472486640792e+04 1.137027903261123907e+00 1.332315572543129809e-02
5.934405495594698004e+04 1.144434920825124991e+00 1.336924437681755347e-02
5.934405518702755944e+04 1.129421614353114389e+00 1.323708165021894589e-02
5.934405541810812429e+04 1.113969300572137389e+00 1.317979511938639423e-02
5.934405564918869641e+04 1.148224647888068661e+00 1.330454243489807148e-02
5.934405588026926125e+04 1.132682338510692555e+00 1.339592432888688130e-02
5.934405611134983337e+04 1.122538909311897593e+00 1.347996520352608141e-02
5.934405634243039822e+04 1.125711444484133184e+00 1.371741375431664335e-02
5.934405657351097761e+04 1.114302418130333372e+00 1.331197947202101065e-02
5.934405680459154246e+04 1.117218144005504454e+00 1.314556898348269789e-02
5.934405703567210730e+04 1.125338688374891261e+00 1.329530069033584526e-02
5.934405726675267215e+04 1.145446980846705598e+00 1.338919626998906313e-02
5.934405749783323699e+04 1.149384811152981190e+00 1.315858536107640010e-02
5.934405772891380911e+04 1.165257043040234253e+00 1.327521703722333961e-02
5.934405795999437396e+04 1.170103179356305034e+00 1.305623140353799616e-02
5.934405819107493880e+04 1.172106491208872114e+00 1.340624253826736001e-02
5.934405842215549637e+04 1.181651359270470270e+00 1.353528631879349735e-02
5.934405865323606849e+04 1.200868958162545352e+00 1.322889257388629863e-02
5.934405888431663334e+04 1.203247951636763347e+00 1.340555950348632820e-02
5.934405911539719818e+04 1.211843221552501015e+00 1.317045414672128947e-02
5.934405934647776303e+04 1.228913352414431337e+00 1.294715624540184601e-02
5.934405957755832787e+04 1.251687277857687741e+00 1.296623737049301499e-02
5.934405980863888544e+04 1.230289051814566381e+00 1.301514654596626699e-02
5.934406003971945756e+04 1.260269269885526677e+00 1.308927315481832852e-02
5.934406027080001513e+04 1.278443443899723864e+00 1.311757218067909243e-02
5.934406050188057998e+04 1.290791762403609155e+00 1.304084647901546448e-02
5.934406073296113755e+04 1.265636423734796567e+00 1.279489940971051051e-02
5.934406096404170239e+04 1.293264668728164146e+00 1.283646668327261334e-02
5.934406119512226724e+04 1.323320185476127619e+00 1.286296677726399100e-02
5.934406142620282480e+04 1.319126925631087577e+00 1.297477437379380115e-02
5.934406165728338965e+04 1.307625527872328108e+00 1.297723631897944145e-02
5.934406188836393994e+04 1.304680504985295419e+00 1.278006319854921996e-02
5.934406211944450479e+04 1.365887010840949101e+00 1.297753325170979133e-02
5.934406235052506963e+04 1.363301269934514615e+00 1.294748020116478701e-02
5.934406258160562720e+04 1.381770567727489407e+00 1.298523084759244280e-02
5.934406281268618477e+04 1.392255692330786943e+00 1.329919677910397849e-02
5.934406304376674234e+04 1.418153956228757950e+00 1.305036280067380441e-02
5.934406327484729991e+04 1.426802164408460971e+00 1.311141760395124860e-02
5.934406350592785748e+04 1.453839368661423936e+00 1.359032435325134396e-02
5.934406373700842232e+04 1.478387369487139003e+00 1.311567009081308043e-02
5.934406396808897989e+04 1.462098238345989065e+00 1.279186662409800314e-02
5.934406419916953018e+04 1.898484330169847523e+00 1.340012628393886553e-02
5.934406443025008775e+04 1.502319388193878558e+00 1.301933104123335905e-02
5.934406466133064532e+04 1.553802724978051719e+00 1.297184241280844794e-02
5.934406489241119561e+04 1.545095450682284266e+00 1.293458241333200406e-02
5.934406512349175318e+04 1.548158641553875059e+00 1.298148962803735880e-02
5.934406535457231075e+04 1.596135507174018198e+00 1.312795557707011063e-02
5.934406558565285377e+04 1.627837792005157436e+00 1.300711296061474349e-02
5.934406581673341134e+04 1.654149176706675384e+00 1.335462951795629398e-02
5.934406604781396163e+04 1.619483234885764400e+00 1.289316593786645967e-02
5.934406627889451920e+04 1.635538588244588309e+00 1.320967418145569533e-02
5.934406650997506949e+04 1.694472264511300841e+00 1.316176477636958435e-02
5.934406674105561251e+04 1.713451719593476197e+00 1.306118910753980948e-02
5.934406697213617008e+04 1.696156112779919400e+00 1.336593271072830658e-02
5.934406720321672037e+04 1.759608025694317845e+00 1.313836484133701528e-02
5.934406743429727067e+04 1.776427034690514883e+00 1.304218025725804864e-02
5.934406766537782096e+04 1.797787045740931511e+00 1.334161537247353750e-02
5.934406789645837125e+04 1.840948427258956466e+00 1.332472045840042175e-02
5.934406812753892154e+04 1.813495505426783394e+00 1.328484331429808860e-02
5.934406835861947184e+04 1.849424478923095805e+00 1.332304595269185633e-02
5.934406858970002213e+04 1.874892804915829991e+00 1.317097082204543579e-02
5.934406882078057242e+04 1.874857858139956424e+00 1.345250437023459179e-02
5.934406905186111544e+04 1.913104963042196349e+00 1.328569324936701782e-02
5.934406928294166573e+04 1.903577010318368457e+00 1.333116754645146361e-02
5.934406951402220875e+04 1.952699807979262792e+00 1.325384006899693080e-02
5.934406974510275904e+04 1.943214004181627264e+00 1.304803987835216963e-02
5.934406997618330206e+04 1.995996488663689394e+00 1.342851107323061663e-02
5.934407020726384508e+04 1.980590809239299421e+00 1.342761564931504656e-02
5.934407043834439537e+04 1.990490377259878096e+00 1.323076884725232771e-02
5.934407066942494566e+04 1.994377606212293319e+00 1.312422236112616679e-02
5.934407090050548868e+04 2.018229640160094540e+00 1.364944860458208731e-02
5.934407113158603170e+04 2.034444783098173115e+00 1.337852232464070527e-02
5.934407136266657471e+04 2.029721651682135253e+00 1.340198901934548312e-02
5.934407159374711773e+04 2.087419176098484375e+00 1.334009996019610775e-02
5.934407182482765347e+04 2.064765477493279988e+00 1.341149765194904302e-02
5.934407205590819649e+04 2.078515707199947826e+00 1.325509427580596512e-02
5.934407228698873951e+04 2.071990087835678729e+00 1.342782911064391987e-02
5.934407251806928252e+04 2.077523061710342844e+00 1.370164318086055689e-02
5.934407274914982554e+04 2.083518838612716362e+00 1.365247145796464820e-02
5.934407298023036128e+04 2.106868048336256738e+00 1.354589366834882576e-02
5.934407321131090430e+04 2.091683294636082824e+00 1.341314466265408449e-02
5.934407344239144004e+04 2.084515548636927118e+00 1.337609357702997798e-02
5.934407367347198306e+04 2.075751485465497481e+00 1.345976035727098480e-02
5.934407390455251880e+04 2.098612918958328244e+00 1.368265575657545176e-02
5.934407413563306181e+04 2.084789322842966364e+00 1.330405559021861570e-02
5.934407436671360483e+04 2.107917511728791826e+00 1.344814425545027767e-02
5.934407459779414057e+04 2.087212597717268636e+00 1.312738314359249495e-02
5.934407482887466904e+04 2.093798797153282543e+00 1.318149556589756979e-02
5.934407505995520478e+04 2.066080471750607828e+00 1.355221560329483189e-02
5.934407529103574780e+04 2.081433613571046504e+00 1.334829275565750650e-02
5.934407552211628354e+04 2.048851615388665781e+00 1.341355087268864682e-02
5.934407575319681200e+04 2.076431752302666300e+00 1.336875762808202410e-02
5.934407598427734774e+04 2.043042278403071510e+00 1.314574236826979332e-02
5.934407621535788348e+04 2.040955120004353862e+00 1.333806379750655628e-02
5.934407644643841923e+04 2.046355882876657262e+00 1.324951985911090521e-02
5.934407667751894769e+04 2.034442045567769863e+00 1.342372975997328799e-02
5.934407690859948343e+04 1.969172024898961482e+00 1.341413044246280752e-02
5.934407713968001190e+04 1.999743270661820116e+00 1.335878678402859475e-02
5.934407737076054764e+04 1.960564296793160244e+00 1.321468643397427818e-02
5.934407760184107610e+04 1.946333540270062556e+00 1.307054433512237247e-02
5.934407783292160457e+04 1.935272531331269752e+00 1.310089656875289624e-02
5.934407806400213303e+04 1.922969474352760111e+00 1.331403043696740424e-02
5.934407829508266877e+04 1.878718700439040434e+00 1.327304358043016053e-02
5.934407852616319724e+04 1.878301261758318796e+00 1.308072203701552381e-02
5.934407875724372570e+04 1.854931304340983633e+00 1.316081167881309917e-02
5.934407898832424689e+04 1.823824804520425946e+00 1.314578541095369132e-02
5.934407921940477536e+04 1.798490307751896333e+00 1.322947754439896158e-02
5.934407945048530382e+04 1.782517959454203327e+00 1.343516838449308054e-02
5.934407968156583229e+04 1.707007066584159682e+00 1.359337252871980865e-02
5.934407991264636075e+04 1.734096850150841806e+00 1.402147975395116354e-02
5.934408014372688194e+04 1.685246236345246729e+00 1.391351606721529140e-02
5.934408037480741041e+04 1.685504921546604251e+00 1.389381012249386177e-02
5.934408060588793887e+04 1.682858283394148113e+00 1.356461795133311922e-02
5.934408083696846006e+04 1.685641953139413785e+00 1.364003136278262029e-02
5.934408106804898853e+04 1.651846256739894159e+00 1.364885532802908794e-02
5.934408129912950972e+04 1.631422005754678439e+00 1.321972922029785932e-02
5.934408153021003091e+04 1.589872173054089455e+00 1.344370966440466830e-02
5.934408176129055937e+04 1.574811619680716035e+00 1.318109514571296284e-02
5.934408199237108056e+04 1.576079470883064992e+00 1.346850344490391031e-02
5.934408222345160175e+04 1.565910834839708388e+00 1.355978656443506195e-02
5.934408245453212294e+04 1.511636271360615291e+00 1.332198958767265295e-02
5.934408268561264413e+04 1.480455427785110079e+00 1.329198903919793541e-02
5.934408291669316532e+04 1.471716845632099702e+00 1.329993034055379150e-02
5.934408314777368651e+04 1.415131398325664369e+00 1.332123078143365377e-02
5.934408337885420042e+04 1.396464730564326961e+00 1.306867834539621361e-02
5.934408360993472888e+04 1.403640909816171511e+00 1.319514468522366320e-02
5.934408384101524280e+04 1.372950503940305378e+00 1.292303997374304528e-02
5.934408407209575671e+04 1.342947151926936034e+00 1.299681634438855198e-02
5.934408430317628518e+04 1.321520878385864739e+00 1.302834509140478499e-02
5.934408453425679909e+04 1.331860616152296117e+00 1.305875044051602388e-02
5.934408476533732028e+04 1.306769142791440519e+00 1.280091080227319447e-02
5.934408499641783419e+04 1.282142040210439538e+00 1.288128902074916170e-02
5.934408522749835538e+04 1.265059326627086644e+00 1.288252245126864266e-02
5.934408545857887657e+04 1.258132183689173456e+00 1.297673998874539214e-02
5.934408568965938321e+04 1.233388643068159096e+00 1.286468239974391387e-02
5.934408592073990440e+04 1.233788192187146526e+00 1.285538048375984947e-02
5.934408615182041831e+04 1.229629563175548501e+00 1.322831436829977926e-02
5.934408638290092495e+04 1.214622648551529016e+00 1.274973437286930009e-02
5.934408661398144613e+04 1.201293064748944373e+00 1.295906731523163019e-02
5.934408684506196005e+04 1.189831248491862281e+00 1.306970833561089777e-02
5.934408707614247396e+04 1.156222891499712135e+00 1.314511010717044938e-02
5.934408730722298060e+04 1.171913722394154034e+00 1.283161280830577740e-02
5.934408753830350179e+04 1.149216355137196777e+00 1.294557227264047858e-02
5.934408776938400842e+04 1.138324086469187035e+00 1.288140255893815457e-02
5.934408800046451506e+04 1.139704404385900149e+00 1.285332512608731124e-02
5.934408823154502898e+04 1.115836856271986477e+00 1.279033283908627416e-02
5.934408846262554289e+04 1.121888591501792432e+00 1.297253614342719526e-02
5.934408869370604953e+04 1.135328539981050655e+00 1.286019946899877135e-02
5.934408892478656344e+04 1.122399601108599709e+00 1.299646673452864443e-02
5.934408915586707008e+04 1.122461052407305537e+00 1.293262389230631290e-02
5.934408938694758399e+04 1.097950639043834720e+00 1.285427296277473833e-02
5.934408961802808335e+04 1.092875430814584048e+00 1.281635331734976013e-02
5.934408984910859726e+04 1.065786034998956078e+00 1.285509349256322258e-02
5.934409008018910390e+04 1.104304599853952018e+00 1.297111528414461416e-02
5.934409031126961054e+04 1.084469972607698063e+00 1.287355635514059703e-02
5.934409054235010990e+04 1.070202718360305782e+00 1.281545317828445586e-02
5.934409077343062381e+04 1.068353642020339889e+00 1.307709164651289259e-02
5.934409100451113045e+04 1.061580074580492639e+00 1.290061764895860524e-02
5.934409123559162981e+04 1.035762562767668538e+00 1.286450284715989767e-02
5.934409146667213645e+04 1.035176867302619375e+00 1.271335301502676297e-02
5.934409169775264309e+04 1.003991434064586574e+00 1.283679832618520381e-02
5.934409192883314245e+04 1.048383393564146893e+00 1.267905294249798906e-02
5.934409215991364908e+04 1.037027884276491729e+00 1.276945911913217845e-02
5.934409239099414845e+04 1.045015748923872945e+00 1.276099605822510717e-02
5.934409262207465508e+04 1.003621397169272900e+00 1.261898869614973100e-02
5.934409285315514717e+04 1.028976171757882030e+00 1.272241848334676115e-02
5.934409308423564653e+04 1.017734164960421239e+00 1.293198054818111772e-02
5.934409331531615317e+04 1.000000000000000000e+00 1.281391025025531948e-02
5.934409354639665253e+04 1.023520730177005733e+00 1.296359098604160653e-02
5.934409377747715189e+04 1.020063219961498291e+00 1.257835312782060698e-02
5.934409400855764397e+04 1.018026100063190720e+00 1.287208949878638868e-02
5.934409423963815061e+04 1.036639877868770876e+00 1.249321902793921156e-02
5.934409447071864270e+04 1.038450606344246019e+00 1.286037932843377488e-02
5.934409470179914933e+04 1.026197104666331628e+00 1.263802908965072462e-02
5.934409493287964142e+04 1.033251211480024079e+00 1.296453821658524741e-02
5.934409516396014078e+04 1.059619820890477015e+00 1.272523854740554607e-02
5.934409539504063287e+04 1.053615129234470427e+00 1.255566431456628558e-02
5.934409562612113223e+04 1.042827037195381612e+00 1.283975451481128571e-02
5.934409585720162431e+04 1.038621778403214346e+00 1.274777753417556322e-02
5.934409608828212367e+04 1.080087115102048134e+00 1.273451271995856837e-02
5.934409631936261576e+04 1.114993048795704045e+00 1.286909033253364788e-02
5.934409655044310784e+04 1.112500998865411539e+00 1.293829221050112922e-02
5.934409678152359993e+04 1.121105607355930900e+00 1.313964454569305045e-02
5.934409701260409201e+04 1.094799264928864702e+00 1.257475958038124612e-02
5.934409724368458410e+04 1.121313909198499825e+00 1.253529110883477675e-02
5.934409747476506891e+04 1.132938876814696405e+00 1.285804851381188579e-02
5.934409770584556827e+04 1.137794589225171960e+00 1.291571263702047910e-02
5.934409793692605308e+04 1.144559064321789776e+00 1.254916480887841371e-02
5.934409816800653789e+04 1.120266749178779442e+00 1.300502396493214904e-02
5.934409839908702997e+04 1.159216064433140847e+00 1.296412573910563429e-02
5.934409863016751478e+04 1.155204961084972615e+00 1.265040330473760771e-02
5.934409886124800687e+04 1.142655436352105092e+00 1.295132567741181552e-02
5.934409909232849168e+04 1.129905888696599137e+00 1.276237044388637762e-02
5.934409932340897649e+04 1.132584957593620656e+00 1.299383039889902107e-02
5.934409955448946130e+04 1.113849104002561985e+00 1.280465906766915449e-02
5.934409978556995338e+04 1.137417718151052970e+00 1.268995005129938333e-02
5.934410001665043819e+04 1.167998523956876866e+00 1.273811531963356565e-02
5.934410024773092300e+04 1.143561783910696406e+00 1.323660577607892880e-02
5.934410047881140054e+04 1.153275932069310450e+00 1.283765076804106037e-02
5.934410070989188534e+04 1.162130896311319717e+00 1.306529044440384382e-02
5.934410094097237015e+04 1.186477874328371707e+00 1.288044468253238435e-02
5.934410117205284769e+04 1.194807965319540033e+00 1.299856199569585612e-02
5.934410140313333250e+04 1.187617338221005792e+00 1.308455630564149021e-02
5.934410163421381003e+04 1.200667413882528622e+00 1.304575893845625820e-02
5.934410186529429484e+04 1.235686641565788779e+00 1.295788859205732058e-02
5.934410209637477237e+04 1.221029492581395370e+00 1.311620774864218249e-02
5.934410232745524991e+04 1.221549159194611045e+00 1.320125763324852229e-02
5.934410255853573472e+04 1.275769505210470056e+00 1.313135598412840804e-02
5.934410278961621225e+04 1.231389629115654305e+00 1.298737867042179875e-02
5.934410302069668978e+04 1.258688213835579939e+00 1.303118125897152930e-02
5.934410325177716732e+04 1.271978563445728350e+00 1.291370060252837459e-02
5.934410348285764485e+04 1.279158638104989532e+00 1.313473745553395480e-02
5.934410371393812238e+04 1.296857956550631741e+00 1.293621703749952244e-02
5.934410394501860719e+04 1.311854799884592859e+00 1.280852473424746660e-02
5.934410417609908473e+04 1.320451350526025580e+00 1.313896341494742021e-02
5.934410440717955498e+04 1.335873465360688517e+00 1.317910618381504077e-02
5.934410463826003979e+04 1.323040047711595779e+00 1.308009508790032062e-02
5.934410486934051005e+04 1.336884644734322114e+00 1.302062651994709969e-02
5.934410510042098758e+04 1.366604995861351313e+00 1.320141639925412336e-02
5.934410533150146512e+04 1.371146514524385296e+00 1.331798520645377341e-02
5.934410556258194265e+04 1.391193106313137973e+00 1.312630626776423864e-02
5.934410579366242018e+04 1.399012489984543084e+00 1.311621821895079393e-02
5.934410602474289044e+04 1.395537760145129313e+00 1.279957969577133134e-02
5.934410625582336797e+04 1.417312931725217773e+00 1.328089950925936090e-02
5.934410648690384551e+04 1.447326011318404992e+00 1.321180455395559381e-02
5.934410671798432304e+04 1.456325989058383730e+00 1.301560197483440408e-02
5.934410694906480057e+04 1.493832399434818825e+00 1.310682664514061305e-02
5.934410718014527083e+04 1.492698630147932137e+00 1.306417680923439677e-02
5.934410741122574109e+04 1.524924313393280606e+00 1.337149167064917259e-02
5.934410764230621135e+04 1.526710813526636956e+00 1.304036388402863254e-02
5.934410787338668888e+04 1.532961708863715966e+00 1.302124206317015198e-02
5.934410810446715914e+04 1.587953443635081507e+00 1.315295867689273389e-02
5.934410833554762939e+04 1.598346995842750751e+00 1.332453068419351370e-02
5.934410856662809965e+04 1.606941167732190534e+00 1.324793176245940909e-02
5.934410879770856991e+04 1.627279671656174376e+00 1.322685738737116624e-02
5.934410902878904744e+04 1.659938972662372780e+00 1.357043948542535280e-02
5.934410925986951042e+04 1.679047290150383676e+00 1.340005392024863975e-02
5.934410949094998796e+04 1.685962887287505652e+00 1.352002908309941909e-02
5.934410972203045094e+04 1.716073478436609401e+00 1.367803498583271792e-02
5.934410995311092120e+04 1.711529242131921258e+00 1.355303231400222658e-02
5.934411018419138418e+04 1.741906900348282772e+00 1.340712624609621297e-02
5.934411041527185444e+04 1.768950659378570212e+00 1.335018860638419180e-02
5.934411064635232469e+04 1.795576900067180848e+00 1.384817234802949819e-02
5.934411087743278767e+04 1.792473346338135931e+00 1.338749706758862214e-02
5.934411110851325793e+04 1.844050889089305034e+00 1.333952670768358967e-02
5.934411133959372819e+04 1.860004299059269117e+00 1.369264934359972104e-02
5.934411157067419117e+04 1.893841196348689193e+00 1.352326823985801861e-02
5.934411180175466143e+04 1.888378161476938155e+00 1.362631381006193174e-02
5.934411203283511713e+04 1.906351085465377349e+00 1.345268489660072023e-02
5.934411226391558739e+04 1.948490904329445605e+00 1.378869843936430042e-02
5.934411249499605037e+04 1.950541156165754408e+00 1.369048598754534288e-02
5.934411272607651335e+04 1.979607461391495349e+00 1.367183023447760513e-02
5.934411295715697634e+04 1.976344467941415051e+00 1.352526334173446455e-02
5.934411318823744659e+04 2.000451402760063946e+00 1.388160900789212060e-02
5.934411341931790957e+04 2.019938470596929214e+00 1.390320598183709781e-02
5.934411365039836528e+04 1.990791622085406054e+00 1.372873238134439400e-02
5.934411388147883554e+04 2.001864070274494978e+00 1.377535226205986278e-02
5.934411411255929124e+04 2.052686459480669523e+00 1.384559703348710140e-02
5.934411434363975422e+04 2.068585374770738561e+00 1.324884074088008429e-02
5.934411457472020993e+04 2.073546907668529116e+00 1.381641171309097062e-02
5.934411480580067291e+04 2.073002330052432285e+00 1.361136526257005971e-02
5.934411503688112862e+04 2.087909886486614575e+00 1.379118210425720088e-02
5.934411526796158432e+04 2.100816467359283735e+00 1.382510672178257315e-02
5.934411549904204003e+04 2.109727976183458864e+00 1.362283856673173789e-02
5.934411573012250301e+04 2.109810278739628231e+00 1.378352573524515949e-02
5.934411596120295872e+04 2.124033259643113514e+00 1.376659073057735772e-02
5.934411619228341442e+04 2.089080089812250574e+00 1.377902342815500759e-02
5.934411642336387740e+04 2.076058201433277794e+00 1.370333992293046484e-02
5.934411665444432583e+04 2.082772961845643422e+00 1.355680018966418966e-02
5.934411688552478881e+04 2.076296416523315980e+00 1.388264377847597472e-02
5.934411711660523724e+04 2.078999941768758131e+00 1.378774462641277863e-02
5.934411734768569295e+04 2.111611952931904845e+00 1.384357341704794790e-02
5.934411757876614865e+04 2.079150912707818488e+00 1.391539572327027408e-02
5.934411780984660436e+04 2.057593145506229515e+00 1.389907295760505791e-02
5.934411804092706006e+04 2.084346921222115512e+00 1.380131268163448111e-02
5.934411827200750849e+04 2.064419886598344522e+00 1.414371840294107764e-02
5.934411850308796420e+04 2.062338051442297093e+00 1.383546389066254469e-02
5.934411873416841263e+04 2.043771825666854447e+00 1.400976534920771871e-02
5.934411896524886834e+04 2.043168753014803940e+00 1.376214067680949817e-02
5.934411919632931676e+04 2.005174665518553834e+00 1.385256046371388661e-02
5.934411942740977247e+04 2.037735132569995056e+00 1.385209933472145508e-02
5.934411965849022090e+04 2.004427933397537220e+00 1.394926004145657927e-02
5.934411988957066933e+04 1.996627627681734962e+00 1.370004944035255016e-02
5.934412012065112503e+04 1.971678466685649278e+00 1.367645140428950558e-02
5.934412035173156619e+04 1.947946872908725702e+00 1.396344656751261244e-02
5.934412058281202189e+04 1.935378507571409834e+00 1.386784544094252225e-02
5.934412081389246305e+04 1.964080177715225695e+00 1.388478451270234657e-02
5.934412104497291148e+04 1.937013700449114806e+00 1.381663812604207869e-02
5.934412127605335991e+04 1.876280294517839398e+00 1.343958725749148583e-02
5.934412150713380834e+04 1.865731905595043427e+00 1.388495667022409882e-02
5.934412173821424949e+04 1.858958646357256939e+00 1.399087244069230004e-02
5.934412196929469792e+04 1.797779707754936007e+00 1.384383681902059959e-02
5.934412220037513907e+04 1.804737075627208309e+00 1.383329725789682677e-02
5.934412243145559478e+04 1.782213422816376402e+00 1.384348588254863573e-02
5.934412266253602866e+04 1.745127354346867277e+00 1.398490015943083808e-02
5.934412289361647709e+04 1.663904230604539514e+00 1.382366453834716659e-02
5.934412312469691824e+04 1.672021844744075114e+00 1.377812259505133141e-02
5.934412335577736667e+04 1.679981964652821125e+00 1.417128318015935251e-02
5.934412358685780782e+04 1.667565466519925543e+00 1.418060416166220562e-02
5.934412381793825625e+04 1.637244454555834006e+00 1.441711856617189889e-02
5.934412404901869013e+04 1.630060885948965144e+00 1.440505189363471168e-02
5.934412428009913856e+04 1.633741908794831277e+00 1.440518651418730423e-02
5.934412451117957244e+04 1.589953587215061415e+00 1.433849872686704385e-02
5.934412474226002087e+04 1.596048717235737602e+00 1.466739160583293948e-02
5.934412497334045474e+04 1.527415841691222909e+00 1.450037412143827947e-02
5.934412520442090317e+04 1.513903849605819252e+00 1.448634137934734847e-02
5.934412543550133705e+04 1.508316032852311972e+00 1.461386635102856005e-02
5.934412566658177820e+04 1.477191395391860285e+00 1.444541814234828053e-02
5.934412589766221208e+04 1.451501741383060651e+00 1.410830595553508489e-02
5.934412612874265324e+04 1.443486258202308692e+00 1.411569024724222861e-02
5.934412635982308711e+04 1.419161099005571636e+00 1.446739792515698737e-02
5.934412659090352827e+04 1.380620782900499721e+00 1.390559252446215040e-02
5.934412682198396215e+04 1.345913154103960174e+00 1.396940245371907675e-02
5.934412705306440330e+04 1.333088727825064712e+00 1.384839056024273797e-02
5.934412728414483718e+04 1.321688329956195673e+00 1.393782473621740445e-02
5.934412751522527105e+04 1.314949784135736710e+00 1.378819580393306730e-02
5.934412774630571221e+04 1.296879327811288674e+00 1.381647631321720679e-02
5.934412797738613881e+04 1.245949832142821068e+00 1.379664468842732583e-02
5.934412820846657269e+04 1.275280920257497286e+00 1.346372701221393124e-02
5.934412843954701384e+04 1.246217547057835162e+00 1.373153982414040616e-02
5.934412867062744044e+04 1.246453281486163078e+00 1.368484349716293444e-02
5.934412890170788160e+04 1.210967461894771002e+00 1.351470681919044771e-02
5.934412913278830820e+04 1.216467578021539930e+00 1.352173713912237750e-02
5.934412936386873480e+04 1.227683068393915056e+00 1.359855149771910937e-02
5.934412959494917595e+04 1.214008937417989653e+00 1.362985654322892634e-02
5.934412982602960255e+04 1.196424805115142709e+00 1.362898032438737868e-02
5.934413005711003643e+04 1.195834494479068422e+00 1.363692757265562959e-02
5.934413028819046303e+04 1.165904722313456210e+00 1.337031905187524052e-02
5.934413051927089691e+04 1.147483181461325108e+00 1.364502589389823828e-02
5.934413075035132351e+04 1.162035277019885848e+00 1.356797419721574895e-02
5.934413098143175739e+04 1.169568633298761817e+00 1.370464252685208578e-02
5.934413121251219127e+04 1.156571725251915872e+00 1.391481434340566606e-02
