5.934404756575793726e+04 2.097806146040109176e+00 6.068591042985079648e-02
5.934404825461310247e+04 1.813886274217496375e+00 5.996388422700627691e-02
5.934404894785486249e+04 1.532946738884002569e+00 5.970578515320737467e-02
5.934404964109660796e+04 1.151942591994935761e+00 6.389421879292206397e-02
5.934405033433836070e+04 1.070833467063760924e+00 5.654960060124947230e-02
5.934405102758009889e+04 1.086542876322614593e+00 5.299238393116915274e-02
5.934405172082182980e+04 1.185987988452660735e+00 4.981551289508393682e-02
5.934405241406356072e+04 1.106381892660010191e+00 5.327319836994478391e-02
5.934405310730529163e+04 1.285837423052961004e+00 5.951473087725180078e-02
5.934405380054700800e+04 1.575431714234697411e+00 5.989551110629650482e-02
5.934405449378873163e+04 1.683036543290158171e+00 5.842535790188813777e-02
5.934405518703044800e+04 1.629498049692876593e+00 6.166295709371138328e-02
5.934405588027215708e+04 1.591266542173401577e+00 5.938483656223338819e-02
5.934405657351385889e+04 1.474388365999295569e+00 5.588899039666622021e-02
5.934405726675556798e+04 1.658365640016934428e+00 7.802831220937923862e-02
5.934405795999726979e+04 1.919261751813348571e+00 6.771973723810055523e-02
5.934405865323896433e+04 2.095442683989745536e+00 5.909399539835891169e-02
5.934405934648065886e+04 2.415544899195314787e+00 6.151307812102273925e-02
5.934406003972234612e+04 2.678209259227213757e+00 7.187401144545796372e-02
5.934406073296403338e+04 2.560869774159062473e+00 6.803324652117176408e-02
5.934406142620572064e+04 2.848747234944155604e+00 6.643121959920879338e-02
5.934406211944740062e+04 3.163667635385730481e+00 5.838443913596812890e-02
5.934406281268908060e+04 3.618337390861054104e+00 6.471809061993515078e-02
5.934406350593075331e+04 4.189821796288253353e+00 8.520853199422459556e-02
5.934406419917243329e+04 4.602985329721845709e+00 6.564655484228730520e-02
5.934406489241409145e+04 5.108658026050003187e+00 6.267977719846050400e-02
5.934406558565575688e+04 5.644922827735475934e+00 6.822384031577297114e-02
5.934406627889741503e+04 6.464287876140130784e+00 7.167403266908238535e-02
5.934406697213907319e+04 7.172672136600807491e+00 6.921551387899335661e-02
5.934406766538072407e+04 7.825342760283840349e+00 7.234730851228868276e-02
5.934406835862237494e+04 8.642724131084722927e+00 6.965300143720458415e-02
5.934406905186401855e+04 9.549016117314515384e+00 7.705830673407973452e-02
5.934406974510566215e+04 1.030275862372305795e+01 7.265664893997922369e-02
5.934407043834729848e+04 1.090813206508916977e+01 7.555857563880072347e-02
5.934407113158892753e+04 1.138119887377863115e+01 7.747894019071421834e-02
5.934407182483055658e+04 1.196527410282442361e+01 7.720548586999027851e-02
5.934407251807217835e+04 1.238297191080389581e+01 8.109183058137954536e-02
5.934407321131380741e+04 1.281497652743800408e+01 7.923807787745955344e-02
5.934407390455542918e+04 1.268020030494956885e+01 7.661423027222054316e-02
5.934407459779703640e+04 1.273707612021719981e+01 7.942456754443055766e-02
5.934407529103864363e+04 1.276321362191034225e+01 7.907434432145696301e-02
5.934407598428025085e+04 1.273103540961036373e+01 8.122404790591677970e-02
5.934407667752185807e+04 1.257139232303833687e+01 8.208953049255655887e-02
5.934407737076344347e+04 1.214485670358563318e+01 8.224950294489886959e-02
5.934407806400503614e+04 1.178088294400884273e+01 8.267548892281041673e-02
5.934407875724662154e+04 1.118870740553492737e+01 8.249732850926871919e-02
5.934407945048820693e+04 1.061488176467782729e+01 8.573012346639542758e-02
5.934408014372978505e+04 1.026837935748132047e+01 1.177728289537893908e-01
5.934408083697136317e+04 9.895245129672010975e+00 1.117998494545640320e-01
5.934408153021293401e+04 9.034841750247590397e+00 9.186556010711199871e-02
5.934408222345450486e+04 8.359246477306363943e+00 9.656456933137437526e-02
5.934408291669606842e+04 7.164040095510455508e+00 8.598496576811456849e-02
5.934408360993762471e+04 6.138937157025172731e+00 7.274995875494884301e-02
5.934408430317918828e+04 5.625711045670086285e+00 7.298323180537484578e-02
5.934408499642073730e+04 5.021607390444882135e+00 7.259611221408301951e-02
5.934408568966229359e+04 4.588562915997992597e+00 7.173112264355441248e-02
5.934408638290383533e+04 4.005185514642975342e+00 7.027253597223985515e-02
5.934408707614536979e+04 3.344723732398012572e+00 7.137592282812033062e-02
5.934408776938691153e+04 3.163238962733496251e+00 7.983274932456291273e-02
5.934408846262843872e+04 2.827903441026250242e+00 6.756976003685352672e-02
5.934408915586997318e+04 2.752676172959693357e+00 7.143659349131124825e-02
5.934408984911150037e+04 2.408462349927477764e+00 6.661968140333247856e-02
5.934409054235302028e+04 2.192680351732116062e+00 6.504941845197990957e-02
5.934409123559454019e+04 1.758212835884364722e+00 6.624694262815047918e-02
5.934409192883604555e+04 1.438982266191798365e+00 6.638219569309529444e-02
5.934409262207755091e+04 1.086187018905765411e+00 5.868887542697420051e-02
5.934409331531905627e+04 1.038828650612162896e+00 6.053402362071102355e-02
5.934409400856055436e+04 1.000000000000000000e+00 6.976260510443593743e-02
5.934409470180205244e+04 1.129280778606708502e+00 5.759623485579833807e-02
5.934409539504354325e+04 1.352773095681012228e+00 5.711544981002684984e-02
5.934409608828502678e+04 1.313070332027230336e+00 6.456895985381692904e-02
5.934409678152650304e+04 1.499931884359492873e+00 5.888315733939530200e-02
5.934409747476797929e+04 1.750087243767204814e+00 5.819478549552317692e-02
5.934409816800944827e+04 1.593855942523921598e+00 5.977963547000582356e-02
5.934409886125090998e+04 1.505420234994451212e+00 6.598442502770686391e-02
5.934409955449237168e+04 1.577926149684149904e+00 6.965230961342834537e-02
5.934410024773381883e+04 1.749988019954549889e+00 6.923406464667765381e-02
5.934410094097527326e+04 1.902928155504159946e+00 8.137137503745418832e-02
5.934410163421672041e+04 2.020638393039560832e+00 7.343532101947577995e-02
5.934410232745816029e+04 2.342937916415709587e+00 7.390415136857206302e-02
5.934410302069959289e+04 2.417935169969670728e+00 6.983735795601606067e-02
5.934410371394103277e+04 2.747865547072611214e+00 7.111060137487533461e-02
5.934410440718246537e+04 3.155531125704003514e+00 7.979344729748473475e-02
5.934410510042389797e+04 3.230849940041053081e+00 6.669515511658305473e-02
5.934410579366533057e+04 3.482588535884945546e+00 6.835597399884314751e-02
5.934410648690674861e+04 4.200435677046773009e+00 6.642521558792298386e-02
5.934410718014817394e+04 4.694957223171616789e+00 7.060515809198533721e-02
5.934410787338959926e+04 5.170293449944927566e+00 7.604741941537980499e-02
5.934410856663101004e+04 5.989027111448690377e+00 7.407970839881945768e-02
5.934410925987242081e+04 6.572352229274715185e+00 7.657443721888887445e-02
5.934410995311383158e+04 7.284020117310277875e+00 8.567939470966652593e-02
5.934411064635523508e+04 8.263770445581098301e+00 8.805308994296683067e-02
5.934411133959663857e+04 8.746591624199359316e+00 8.321103265274530647e-02
5.934411203283802752e+04 9.513722774120191517e+00 8.173675031676393143e-02
5.934411272607943101e+04 1.015759541625377693e+01 8.089719400720574161e-02
5.934411341932081996e+04 1.082251196267482563e+01 8.422176539238472592e-02
5.934411411256220163e+04 1.123004526914505163e+01 8.560556651604142586e-02
5.934411480580358329e+04 1.157400752083057860e+01 8.262628381953868173e-02
5.934411549904495041e+04 1.226186720831209342e+01 8.009576598904892542e-02
5.934411619228632480e+04 1.233373319572579163e+01 8.005255548711390223e-02
5.934411688552769920e+04 1.261977224050322555e+01 8.300311910079219424e-02
5.934411757876905904e+04 1.269578637375511398e+01 8.711571893467118244e-02
5.934411827201041888e+04 1.265494792390257395e+01 8.855346587086812549e-02
5.934411896525177872e+04 1.264019325400306570e+01 8.819799910912784480e-02
5.934411965849313128e+04 1.239730780658692488e+01 8.622805410057503284e-02
5.934412035173447657e+04 1.209740358133723959e+01 8.516293115955583803e-02
5.934412104497582186e+04 1.170192987385032701e+01 8.668004999095790808e-02
5.934412173821715987e+04 1.093146795555325212e+01 8.906558367741027049e-02
5.934412243145850516e+04 1.047972013801618019e+01 8.836423446277798244e-02
5.934412312469982862e+04 1.002501517632072137e+01 8.799177261542340256e-02
5.934412381794116664e+04 9.536316721380218908e+00 8.802813229800324213e-02
5.934412451118248282e+04 8.960580098876151922e+00 8.747618795490427757e-02
5.934412520442381356e+04 7.849458936918675356e+00 8.532162335070679615e-02
5.934412589766512247e+04 6.830225423238357685e+00 8.833719532577036238e-02
5.934412659090644593e+04 6.099571039120070814e+00 9.517798327085008614e-02
5.934412728414774756e+04 5.402668116466999848e+00 9.857812050623361577e-02
5.934412797738904919e+04 4.569931338542708943e+00 9.206609025706090355e-02
5.934412867063035083e+04 4.416712052839054437e+00 9.935356973996033181e-02
5.934412936387164518e+04 4.502162755854552501e+00 1.042904310736138263e-01
5.934413005711293954e+04 3.923352649729216157e+00 9.888929564594091393e-02
5.934413075035423390e+04 3.512056386240133499e+00 8.994536461945625005e-02
