5.934404756136845390e+04 1.033689645405307722e+00 2.259801019940023414e-02
5.934404779244904057e+04 1.062107188785075707e+00 2.241062589605725616e-02
5.934404802352962724e+04 1.028198145537914554e+00 2.259039609385275413e-02
5.934404825461021392e+04 1.053620977168560291e+00 2.284261749979662331e-02
5.934404848569080059e+04 1.025973108918081911e+00 2.288402316498238873e-02
5.934404871677137999e+04 1.032009265012449939e+00 2.334414474783537072e-02
5.934404894785196666e+04 1.062661273223619807e+00 2.350403803393206689e-02
5.934404917893254606e+04 1.071260810242538719e+00 2.317562673713200946e-02
5.934404941001314000e+04 1.014129597362405599e+00 2.283368718685798576e-02
5.934404964109371940e+04 1.042595167210514262e+00 2.281970154964900119e-02
5.934404987217430607e+04 1.064681450119096429e+00 2.326976880654173935e-02
5.934405010325488547e+04 1.000000000000000000e+00 2.265484223006167253e-02
5.934405033433546487e+04 1.039510742008201039e+00 2.310423315631841834e-02
5.934405056541604426e+04 1.046955586814363182e+00 2.281628632676429777e-02
5.934405079649662366e+04 1.042582506063566505e+00 2.261385373419656092e-02
5.934405102757720306e+04 1.033899837206907257e+00 2.251987310981195742e-02
5.934405125865778245e+04 1.016468700205904740e+00 2.287571995961297858e-02
5.934405148973836185e+04 1.081932972219554756e+00 2.207784533085704881e-02
5.934405172081894852e+04 1.029741750704376679e+00 2.316193261304011486e-02
5.934405195189952065e+04 1.074160887245734886e+00 2.258461735415618135e-02
5.934405218298010004e+04 1.047663908506422770e+00 2.255121131090817577e-02
5.934405241406067944e+04 1.058175748044041686e+00 2.249335463545227773e-02
5.934405264514125156e+04 1.068621792364348178e+00 2.191921403085584155e-02
5.934405287622182368e+04 1.053113684425803109e+00 2.275796444810135322e-02
5.934405310730240308e+04 1.062950738631332603e+00 2.252407871764803421e-02
5.934405333838297520e+04 1.080591126943734270e+00 2.262852648272035971e-02
5.934405356946354732e+04 1.087820062585937553e+00 2.293749114465377242e-02
5.934405380054411944e+04 1.079228795511145922e+00 2.263923610261397990e-02
5.934405403162469156e+04 1.092791684255996376e+00 2.273765449687971743e-02
5.934405426270526368e+04 1.055494345269614609e+00 2.251085058413991591e-02
5.934405449378583580e+04 1.096274772898627070e+00 2.252859878865468013e-02
5.934405472486640792e+04 1.094408901693757485e+00 2.279347616605074955e-02
5.934405495594698004e+04 1.154334165698710724e+00 2.259726979354977419e-02
5.934405518702755944e+04 1.154358467282350142e+00 2.289652887531364381e-02
5.934405541810812429e+04 1.068302287988242449e+00 2.268978368228552131e-02
5.934405564918869641e+04 1.098555136389173015e+00 2.208608981713222966e-02
5.934405588026926125e+04 1.111735844981103671e+00 2.238735466518837827e-02
5.934405611134983337e+04 1.065459591772437653e+00 2.259796922604543831e-02
5.934405634243039822e+04 1.084951949994084286e+00 2.311787691353041352e-02
5.934405657351097761e+04 1.071144942519119958e+00 2.266840783695248107e-02
5.934405680459154246e+04 1.131993365205507196e+00 2.322372676865264510e-02
5.934405703567210730e+04 1.125786959918551045e+00 2.281584010075295502e-02
5.934405726675267215e+04 1.090369169696376206e+00 2.330058066300066955e-02
5.934405749783323699e+04 1.153068367882779111e+00 2.308560198336952890e-02
5.934405772891380911e+04 1.121090213468720176e+00 2.392681290577473863e-02
5.934405795999437396e+04 1.128182724354356292e+00 2.307015465359533307e-02
5.934405819107493880e+04 1.101637944110611000e+00 2.196097357330024230e-02
5.934405842215549637e+04 1.093737992619172150e+00 2.240417456017355577e-02
5.934405865323606849e+04 1.138698823090885437e+00 2.258003194054428522e-02
5.934405888431663334e+04 1.103661943977013893e+00 2.304717492938303594e-02
5.934405911539719818e+04 1.143279341914351432e+00 2.267292533312364675e-02
5.934405934647776303e+04 1.174897076630639470e+00 2.259452482071635029e-02
5.934405957755832787e+04 1.202524088854966866e+00 2.288140871870314799e-02
5.934405980863888544e+04 1.167223600855820997e+00 2.246947209195541972e-02
5.934406003971945756e+04 1.210469408131892743e+00 2.274370689437801504e-02
5.934406027080001513e+04 1.163622941188210858e+00 2.312096662362791294e-02
5.934406050188057998e+04 1.178699888752079872e+00 2.337027763288191881e-02
5.934406073296113755e+04 1.178363224016515165e+00 2.315712009909287952e-02
5.934406096404170239e+04 1.194712128599947576e+00 2.270874899179385620e-02
5.934406119512226724e+04 1.160202295437912756e+00 2.273097873595440049e-02
5.934406142620282480e+04 1.224596542650939091e+00 2.227851550107091266e-02
5.934406165728338965e+04 1.193739071599857038e+00 2.253432010648321465e-02
5.934406188836393994e+04 1.180564761182160138e+00 2.201234284721494822e-02
5.934406211944450479e+04 1.229208953734205023e+00 2.238089905152762168e-02
5.934406235052506963e+04 1.277854013003371758e+00 2.173058892727241023e-02
5.934406258160562720e+04 1.239823537895955452e+00 2.159012333484349941e-02
5.934406281268618477e+04 1.252279922573609872e+00 2.225106989625764975e-02
5.934406304376674234e+04 1.242670592544264263e+00 2.177554358825195546e-02
5.934406327484729991e+04 1.245977539530893186e+00 2.198873912395241104e-02
5.934406350592785748e+04 1.264001815774956627e+00 2.293012022085487434e-02
5.934406373700842232e+04 1.242482550398092522e+00 2.183802591320344391e-02
5.934406396808897989e+04 1.238266517169688496e+00 2.203784654699770390e-02
5.934406419916953018e+04 1.270728332417567330e+00 2.209684120607566943e-02
5.934406443025008775e+04 1.265660213266336820e+00 2.154297477204033737e-02
5.934406466133064532e+04 1.303941475258589389e+00 2.221077267216310311e-02
5.934406489241119561e+04 1.300795780509085064e+00 2.174427657365682678e-02
5.934406512349175318e+04 1.279649517123723435e+00 2.141740152996562951e-02
5.934406535457231075e+04 1.307623920680797580e+00 2.133645345823317885e-02
5.934406558565285377e+04 1.303722484038445817e+00 2.153132847440890688e-02
5.934406581673341134e+04 1.293574295605915747e+00 2.088340222957187770e-02
5.934406604781396163e+04 1.343641798883385752e+00 2.207459764044045203e-02
5.934406627889451920e+04 1.347646117941192268e+00 2.172985211292077778e-02
5.934406650997506949e+04 1.354766074802795650e+00 2.147460171165839482e-02
5.934406674105561251e+04 1.344019618073574618e+00 2.236729201026922340e-02
5.934406697213617008e+04 1.332576395948852799e+00 2.141962681321131143e-02
5.934406720321672037e+04 1.316319312902007654e+00 2.134471659199882812e-02
5.934406743429727067e+04 1.362538906842189368e+00 2.170950896621504436e-02
5.934406766537782096e+04 1.340025081139280427e+00 2.175747540727667947e-02
5.934406789645837125e+04 1.352389971703884308e+00 2.125237364408950197e-02
5.934406812753892154e+04 1.385468609571950838e+00 2.151166306286394353e-02
5.934406835861947184e+04 1.411349125310148889e+00 2.117185708195687410e-02
5.934406858970002213e+04 1.362239507636355818e+00 2.100550148527539560e-02
5.934406882078057242e+04 1.389701544218889584e+00 2.066112088809247266e-02
5.934406905186111544e+04 1.392602240514508649e+00 2.114171233646781195e-02
5.934406928294166573e+04 1.417677373378995132e+00 2.184345677069144884e-02
5.934406951402220875e+04 1.365466850981341018e+00 2.134003843078319598e-02
5.934406974510275904e+04 1.373762405116295549e+00 2.094170339379380213e-02
5.934406997618330206e+04 1.357436910641814709e+00 2.152517863879582424e-02
5.934407020726384508e+04 1.405067888551697175e+00 2.124872186074258651e-02
5.934407043834439537e+04 1.431444689675540838e+00 2.151107262811664117e-02
5.934407066942494566e+04 1.407105530065768662e+00 2.186606174685513590e-02
5.934407090050548868e+04 1.427177397023659422e+00 2.131474911485678470e-02
5.934407113158603170e+04 1.410420932341967859e+00 2.121624345413303248e-02
5.934407136266657471e+04 1.394820451129812344e+00 2.087469938648419537e-02
5.934407159374711773e+04 1.443360385186976069e+00 2.137002686308004176e-02
5.934407182482765347e+04 1.395913887695287903e+00 2.110621434545820532e-02
5.934407205590819649e+04 1.407851083728613562e+00 2.115465402857088714e-02
5.934407228698873951e+04 1.391894288207263131e+00 2.127755416777678613e-02
5.934407251806928252e+04 1.428531561103160374e+00 2.135998998746529987e-02
5.934407274914982554e+04 1.396605206027753177e+00 2.142777350499688524e-02
5.934407298023036128e+04 1.406163604383262156e+00 2.194971596637498162e-02
5.934407321131090430e+04 1.425137407574430082e+00 2.153479363401183608e-02
5.934407344239144004e+04 1.396596300928326428e+00 2.083725121037634243e-02
5.934407367347198306e+04 1.394440476062811962e+00 2.139499042754121685e-02
5.934407390455251880e+04 1.401067565617839517e+00 2.125947224906234168e-02
5.934407413563306181e+04 1.360676354506099583e+00 2.093099609577418405e-02
5.934407436671360483e+04 1.358788314416634613e+00 2.131890849546878158e-02
5.934407459779414057e+04 1.394302404199116774e+00 2.090045747134805509e-02
5.934407482887466904e+04 1.418814140462653972e+00 2.054297528592235675e-02
5.934407505995520478e+04 1.395111723011041693e+00 2.081207359136876683e-02
5.934407529103574780e+04 1.393890237221802275e+00 2.063770139152500127e-02
5.934407552211628354e+04 1.407699835790906739e+00 2.022408408839370536e-02
5.934407575319681200e+04 1.351595368272678233e+00 2.071610950093449866e-02
5.934407598427734774e+04 1.346928856533919472e+00 2.033486125899040126e-02
5.934407621535788348e+04 1.361978661706417570e+00 2.060357168557342550e-02
5.934407644643841923e+04 1.384683827514137322e+00 2.026924953488817502e-02
5.934407667751894769e+04 1.343878168419445185e+00 2.009171656444094789e-02
5.934407690859948343e+04 1.352106715445177132e+00 2.069843666262080606e-02
5.934407713968001190e+04 1.335557053480017631e+00 2.026888820906499675e-02
5.934407737076054764e+04 1.324207042629603537e+00 2.062112738093056091e-02
5.934407760184107610e+04 1.347947485086673725e+00 2.073206923986031097e-02
5.934407783292160457e+04 1.378424128153232342e+00 2.090721201110759889e-02
5.934407806400213303e+04 1.341797887385245636e+00 2.086533734332733994e-02
5.934407829508266877e+04 1.331698527256269138e+00 2.129312482261389028e-02
5.934407852616319724e+04 1.315058071756472380e+00 2.049150989404786155e-02
5.934407875724372570e+04 1.301066149613841372e+00 2.067970404017545338e-02
5.934407898832424689e+04 1.280325009085663934e+00 2.076585694710668742e-02
5.934407921940477536e+04 1.254380465206997863e+00 2.064523562351659736e-02
5.934407945048530382e+04 1.251178477576808667e+00 2.163127326086635924e-02
5.934407968156583229e+04 1.276621529195936411e+00 2.156690931613058568e-02
5.934407991264636075e+04 1.250794608075970427e+00 2.234011645052106504e-02
5.934408014372688194e+04 1.283087962671261462e+00 2.172265644659119102e-02
5.934408037480741041e+04 1.278081313083672788e+00 2.192425855773325744e-02
5.934408060588793887e+04 1.273452630662214036e+00 2.199453731108285195e-02
5.934408083696846006e+04 1.213513024329941015e+00 2.200904624187545802e-02
5.934408106804898853e+04 1.247315848595086818e+00 2.201962731277809504e-02
5.934408129912950972e+04 1.200678588532833491e+00 2.142836892835342164e-02
5.934408153021003091e+04 1.280649428109623678e+00 2.163063149902497845e-02
5.934408176129055937e+04 1.238184673858184315e+00 2.079326949507181999e-02
5.934408199237108056e+04 1.193274631417495346e+00 2.104480057810896934e-02
5.934408222345160175e+04 1.151111904694744670e+00 2.150127515785637405e-02
5.934408245453212294e+04 1.205964279166355624e+00 2.123778940917915234e-02
5.934408268561264413e+04 1.198235114999512518e+00 2.156344644871670269e-02
5.934408291669316532e+04 1.216931996211182643e+00 2.144709279420316250e-02
5.934408314777368651e+04 1.127919230761600389e+00 2.170191338125519731e-02
5.934408337885420042e+04 1.185737157386614227e+00 2.092240657757174840e-02
5.934408360993472888e+04 1.120810490063580023e+00 2.142366140882080022e-02
5.934408384101524280e+04 1.132944247778339575e+00 2.164117465640107152e-02
5.934408407209575671e+04 1.113147259595856475e+00 2.159733025837059714e-02
5.934408430317628518e+04 1.135222008729787957e+00 2.170741135826323095e-02
5.934408453425679909e+04 1.128755028620756828e+00 2.174253740432445514e-02
5.934408476533732028e+04 1.138209619814291029e+00 2.129373717528218468e-02
5.934408499641783419e+04 1.111738642402632760e+00 2.120421012274713995e-02
5.934408522749835538e+04 1.121037012022217949e+00 2.120979642347865790e-02
5.934408545857887657e+04 1.102529033010287485e+00 2.203204835286695987e-02
5.934408568965938321e+04 1.066431004990336051e+00 2.138603055206752743e-02
5.934408592073990440e+04 1.142894576048262056e+00 2.122791504401631488e-02
5.934408615182041831e+04 1.094689163727514236e+00 2.197196819788216349e-02
5.934408638290092495e+04 1.089453077331460573e+00 2.158341527438092239e-02
5.934408661398144613e+04 1.067256974012482873e+00 2.141840484542087766e-02
5.934408684506196005e+04 1.110213547854573601e+00 2.139556740306190058e-02
5.934408707614247396e+04 1.075234702912400309e+00 2.120141648160170367e-02
5.934408730722298060e+04 1.047114167166129928e+00 2.141076731765090627e-02
5.934408753830350179e+04 1.062066837466294489e+00 2.179397561447269510e-02
5.934408776938400842e+04 1.049588837875324199e+00 2.144182692120294789e-02
5.934408800046451506e+04 1.106570238978091369e+00 2.186713594739346164e-02
5.934408823154502898e+04 1.074211078554651477e+00 2.155272897937825921e-02
5.934408846262554289e+04 1.054507209655384470e+00 2.168289840926797621e-02
5.934408869370604953e+04 1.076996997363765196e+00 2.187772297273096744e-02
5.934408892478656344e+04 1.073046534937761143e+00 2.208812435322964410e-02
5.934408915586707008e+04 1.034182218839950984e+00 2.165418971877112672e-02
5.934408938694758399e+04 1.084825134193158291e+00 2.186741155524240393e-02
5.934408961802808335e+04 1.041694934496632863e+00 2.145402316714892232e-02
5.934408984910859726e+04 1.020471708901046881e+00 2.078253916638624771e-02
5.934409008018910390e+04 1.128857227595950752e+00 2.152701804529032550e-02
5.934409031126961054e+04 1.023816187622796026e+00 2.094340371321290473e-02
5.934409054235010990e+04 1.058568579896753015e+00 2.110397072352887191e-02
5.934409077343062381e+04 1.040609912165803896e+00 2.143060877556176788e-02
5.934409100451113045e+04 1.109996060830860998e+00 2.139307474910608076e-02
5.934409123559162981e+04 1.048165497201627439e+00 2.102885156966837962e-02
5.934409146667213645e+04 1.021427717108670086e+00 2.098022203179162118e-02
5.934409169775264309e+04 1.053020134914032679e+00 2.105349752905827723e-02
5.934409192883314245e+04 1.044833585768256468e+00 2.098240352145994483e-02
5.934409215991364908e+04 1.078502726711159099e+00 2.136447256207953810e-02
5.934409239099414845e+04 1.073218857150260108e+00 2.101803901119444346e-02
5.934409262207465508e+04 1.047178373609162438e+00 2.051064582086144922e-02
5.934409285315514717e+04 1.128356164212511947e+00 2.102754834801381575e-02
5.934409308423564653e+04 1.055693957649945114e+00 2.074243883001501351e-02
5.934409331531615317e+04 1.050853406950065683e+00 2.065166847135269795e-02
5.934409354639665253e+04 1.059695507459392116e+00 2.097993532003345277e-02
5.934409377747715189e+04 1.040443153570260515e+00 2.051179319914512439e-02
5.934409400855764397e+04 1.050060043800280507e+00 2.090231690916994831e-02
5.934409423963815061e+04 1.067233302762474523e+00 2.089880296699641454e-02
5.934409447071864270e+04 1.040849327525005696e+00 2.091553281803119196e-02
5.934409470179914933e+04 1.069842549058235726e+00 2.065818098765000860e-02
5.934409493287964142e+04 1.052834171720274270e+00 2.046972291397020777e-02
5.934409516396014078e+04 1.046973571392035618e+00 2.023531958615924428e-02
5.934409539504063287e+04 1.065531663437858656e+00 2.055041186620424135e-02
5.934409562612113223e+04 1.085104424264514922e+00 2.051595850776783900e-02
5.934409585720162431e+04 1.040595917335206178e+00 2.053654684137587449e-02
5.934409608828212367e+04 1.080778263266860550e+00 2.098476189776531109e-02
5.934409631936261576e+04 1.091767901035199495e+00 2.093062660884001391e-02
5.934409655044310784e+04 1.118940709853286197e+00 2.020751754074467943e-02
5.934409678152359993e+04 1.098283988652939858e+00 2.053398479453321171e-02
5.934409701260409201e+04 1.124917001673908290e+00 2.073205608608242809e-02
5.934409724368458410e+04 1.094223659972250573e+00 2.087246602670852699e-02
5.934409747476506891e+04 1.123166128899703020e+00 2.047258747288644570e-02
5.934409770584556827e+04 1.157384421114599604e+00 2.102877144669282675e-02
5.934409793692605308e+04 1.096870422159801794e+00 2.088828476617769422e-02
5.934409816800653789e+04 1.103106628191337535e+00 2.048851963729681966e-02
5.934409839908702997e+04 1.108899188274749648e+00 2.100744658320921263e-02
5.934409863016751478e+04 1.125397961709173611e+00 2.078251609565750016e-02
5.934409886124800687e+04 1.136641064065304629e+00 2.090844018435967025e-02
5.934409909232849168e+04 1.160849614732023527e+00 2.118563774226076696e-02
5.934409932340897649e+04 1.060114898309329146e+00 2.085546767324806747e-02
5.934409955448946130e+04 1.088443394488995297e+00 2.112055087643470094e-02
5.934409978556995338e+04 1.125492095292720762e+00 2.061027749696123235e-02
5.934410001665043819e+04 1.091813871835848770e+00 2.107097805554056583e-02
5.934410024773092300e+04 1.118295605417813698e+00 2.085921024858605755e-02
5.934410047881140054e+04 1.106403397810120426e+00 2.050450550763689359e-02
5.934410070989188534e+04 1.150869065002738445e+00 2.126600053448580649e-02
5.934410094097237015e+04 1.141395575779640126e+00 2.108051873945847310e-02
5.934410117205284769e+04 1.162093427134191170e+00 2.127427264388781492e-02
5.934410140313333250e+04 1.164897650067939550e+00 2.074622594028842706e-02
5.934410163421381003e+04 1.188831626976454947e+00 2.085770165695067027e-02
5.934410186529429484e+04 1.138757207993627008e+00 2.060075885353344557e-02
5.934410209637477237e+04 1.115750814341729624e+00 2.043097529492779452e-02
5.934410232745524991e+04 1.198188153662818944e+00 2.098270706405612820e-02
5.934410255853573472e+04 1.165349657295529751e+00 2.057325256010877554e-02
5.934410278961621225e+04 1.206069807566746421e+00 2.071970536273204377e-02
5.934410302069668978e+04 1.224375486376792832e+00 2.117068845003744829e-02
5.934410325177716732e+04 1.189778990372214906e+00 2.065522797460147067e-02
5.934410348285764485e+04 1.216088728922281703e+00 2.100260843141053130e-02
5.934410371393812238e+04 1.174237868292530518e+00 2.066064328426909721e-02
5.934410394501860719e+04 1.221696354139910401e+00 2.050968952831827563e-02
5.934410417609908473e+04 1.186929169468454504e+00 2.079158456360953242e-02
5.934410440717955498e+04 1.213654129626165146e+00 2.081078979722648936e-02
5.934410463826003979e+04 1.202571607320554126e+00 2.067171705461376061e-02
5.934410486934051005e+04 1.206732735636079079e+00 2.087813838650074555e-02
5.934410510042098758e+04 1.230083948289761642e+00 2.080076148959527152e-02
5.934410533150146512e+04 1.229365399677095683e+00 2.073302257010611882e-02
5.934410556258194265e+04 1.232898040592111277e+00 2.102723306231757405e-02
5.934410579366242018e+04 1.196219116568354002e+00 2.060064023215739393e-02
5.934410602474289044e+04 1.276129946583890673e+00 2.076467041101299343e-02
5.934410625582336797e+04 1.249346800516740963e+00 2.035277652604846818e-02
5.934410648690384551e+04 1.278667171739079622e+00 2.061164474969291033e-02
5.934410671798432304e+04 1.237939976005704379e+00 2.064494312392491440e-02
5.934410694906480057e+04 1.246703458333387804e+00 2.000842916271445074e-02
5.934410718014527083e+04 1.287664392734596985e+00 2.118561592821571055e-02
5.934410741122574109e+04 1.311887257503927318e+00 2.087340748432233578e-02
5.934410764230621135e+04 1.304124988047173028e+00 2.096772947957538033e-02
5.934410787338668888e+04 1.323276486759308090e+00 2.060149980975491818e-02
5.934410810446715914e+04 1.316383645209126652e+00 2.071111394199380909e-02
5.934410833554762939e+04 1.297105152588540200e+00 2.049820195203251247e-02
5.934410856662809965e+04 1.310765561006964619e+00 2.102691896542152952e-02
5.934410879770856991e+04 1.340026783155974677e+00 2.110325617505391660e-02
5.934410902878904744e+04 1.353705336605889542e+00 2.113936072892604393e-02
5.934410925986951042e+04 1.318800342705321205e+00 2.087249667128495204e-02
5.934410949094998796e+04 1.338953623381402336e+00 2.132288037674650097e-02
5.934410972203045094e+04 1.353473880531767648e+00 2.168983369526250246e-02
5.934410995311092120e+04 1.372469645329274845e+00 2.157219054962712310e-02
5.934411018419138418e+04 1.355575563847936538e+00 2.096994805553719504e-02
5.934411041527185444e+04 1.358272524377969415e+00 2.106786891058553754e-02
5.934411064635232469e+04 1.349651715159564835e+00 2.122181610206843108e-02
5.934411087743278767e+04 1.341406950692700439e+00 2.117841162832244731e-02
5.934411110851325793e+04 1.426062710994352889e+00 2.165006139119239267e-02
5.934411133959372819e+04 1.371112650633027119e+00 2.146361216739603103e-02
5.934411157067419117e+04 1.365460521221373957e+00 2.151108231626621889e-02
5.934411180175466143e+04 1.436151607832794275e+00 2.104793214363201437e-02
5.934411203283511713e+04 1.427974911724809504e+00 2.182062438671534751e-02
5.934411226391558739e+04 1.443677871265837798e+00 2.175402746673476759e-02
5.934411249499605037e+04 1.419599960854064369e+00 2.195226792827364992e-02
5.934411272607651335e+04 1.430961569304457282e+00 2.134656360653946344e-02
5.934411295715697634e+04 1.380454500875490265e+00 2.170731567004932291e-02
5.934411318823744659e+04 1.453122019259702746e+00 2.149057584236445731e-02
5.934411341931790957e+04 1.406276525877101058e+00 2.117165665968842592e-02
5.934411365039836528e+04 1.408993615025850410e+00 2.136098564495824206e-02
5.934411388147883554e+04 1.378498038059363662e+00 2.152787851108828657e-02
5.934411411255929124e+04 1.436156550454082970e+00 2.128839413552390328e-02
5.934411434363975422e+04 1.392545152115197915e+00 2.140916087209436200e-02
5.934411457472020993e+04 1.426555641491181525e+00 2.081015260917668322e-02
5.934411480580067291e+04 1.441202289726575492e+00 2.128873510457964663e-02
5.934411503688112862e+04 1.431520491230036107e+00 2.131903477339987252e-02
5.934411526796158432e+04 1.468942934465208960e+00 2.162500734423192239e-02
5.934411549904204003e+04 1.438747888906622530e+00 2.086076419065100232e-02
5.934411573012250301e+04 1.428547936938193708e+00 2.126805224090068738e-02
5.934411596120295872e+04 1.391189355608697831e+00 2.071375264806329247e-02
5.934411619228341442e+04 1.386646363296366591e+00 2.118037787525882745e-02
5.934411642336387740e+04 1.468211431303971359e+00 2.169510142738661010e-02
5.934411665444432583e+04 1.425042434914899125e+00 2.111730171542949841e-02
5.934411688552478881e+04 1.387054462756410311e+00 2.137709448065868226e-02
5.934411711660523724e+04 1.466077938425840221e+00 2.119352841259570033e-02
5.934411734768569295e+04 1.409963852660716555e+00 2.056580720833783849e-02
5.934411757876614865e+04 1.418849722215148379e+00 2.132551084592454460e-02
5.934411780984660436e+04 1.367730630483672938e+00 2.067317133402264001e-02
5.934411804092706006e+04 1.396753043134808303e+00 2.114567043597955637e-02
5.934411827200750849e+04 1.437625115806073106e+00 2.100613855910976602e-02
5.934411850308796420e+04 1.404841021188202976e+00 2.097593524200930259e-02
5.934411873416841263e+04 1.424139237250209300e+00 2.125267481396456853e-02
5.934411896524886834e+04 1.429681038463539000e+00 2.071692572646524622e-02
5.934411919632931676e+04 1.390327132083034156e+00 2.121123084891648330e-02
5.934411942740977247e+04 1.401386186796701905e+00 2.084353842755234248e-02
5.934411965849022090e+04 1.364051808393814680e+00 2.086013508922502854e-02
5.934411988957066933e+04 1.372241207576255118e+00 2.107153080669226311e-02
5.934412012065112503e+04 1.377555975997053705e+00 2.098605331761251372e-02
5.934412035173156619e+04 1.373060648557747010e+00 2.080353287012701863e-02
5.934412058281202189e+04 1.366074757707226972e+00 2.119117024693559226e-02
5.934412081389246305e+04 1.294918628440551389e+00 2.079028032832379302e-02
5.934412104497291148e+04 1.317692380660651308e+00 2.135869939338808782e-02
5.934412127605335991e+04 1.347009482703294792e+00 2.143317273513745472e-02
5.934412150713380834e+04 1.375867416627291728e+00 2.123158135409968644e-02
5.934412173821424949e+04 1.345731959931794064e+00 2.135925649509155810e-02
5.934412196929469792e+04 1.309031755272167308e+00 2.118615084994186423e-02
5.934412220037513907e+04 1.316228410076065058e+00 2.156812447715743611e-02
5.934412243145559478e+04 1.252336162436180178e+00 2.102465233679275125e-02
5.934412266253602866e+04 1.259232845360556796e+00 2.130585798645895715e-02
5.934412289361647709e+04 1.247085065964196771e+00 2.155284266854884043e-02
5.934412312469691824e+04 1.239416144124221963e+00 2.139564518766229675e-02
5.934412335577736667e+04 1.275398465702564987e+00 2.149377145870381978e-02
5.934412358685780782e+04 1.259379540505992656e+00 2.177228013430770534e-02
5.934412381793825625e+04 1.228821690714586135e+00 2.157355689097134946e-02
5.934412404901869013e+04 1.187350694883614333e+00 2.233822564548477996e-02
5.934412428009913856e+04 1.233316797934322695e+00 2.253046285767777365e-02
5.934412451117957244e+04 1.210699839575600567e+00 2.306417603627568952e-02
5.934412474226002087e+04 1.200347481627661805e+00 2.281804951245854432e-02
5.934412497334045474e+04 1.209250327398695868e+00 2.268376811434165419e-02
5.934412520442090317e+04 1.199786156823503758e+00 2.275893494664984681e-02
5.934412543550133705e+04 1.220696956680597856e+00 2.251467348338431762e-02
5.934412566658177820e+04 1.208719693199437284e+00 2.310093123612490945e-02
5.934412589766221208e+04 1.196258299491856247e+00 2.274169519260350880e-02
5.934412612874265324e+04 1.130463842729083845e+00 2.252195224311132754e-02
5.934412635982308711e+04 1.161521088469276153e+00 2.249481109213676347e-02
5.934412659090352827e+04 1.148456538627232959e+00 2.272330350399795126e-02
5.934412682198396215e+04 1.128669400501877140e+00 2.254823565457282977e-02
5.934412705306440330e+04 1.133272876112389582e+00 2.222904777063576184e-02
5.934412728414483718e+04 1.097804324381362884e+00 2.215324550542610224e-02
5.934412751522527105e+04 1.116538463469946674e+00 2.255955910120447869e-02
5.934412774630571221e+04 1.136212615665694425e+00 2.177800713975795721e-02
5.934412797738613881e+04 1.140910021097109039e+00 2.210600673442886244e-02
5.934412820846657269e+04 1.137271984606462505e+00 2.186095024442186868e-02
5.934412843954701384e+04 1.168920487873137404e+00 2.217827109539387623e-02
5.934412867062744044e+04 1.127668202721082924e+00 2.257204436700124828e-02
5.934412890170788160e+04 1.122803726152299175e+00 2.109466765357800172e-02
5.934412913278830820e+04 1.137786298789139172e+00 2.232979404511173036e-02
5.934412936386873480e+04 1.071334588227075280e+00 2.173208834768837125e-02
5.934412959494917595e+04 1.090936644790186261e+00 2.116767688085267884e-02
5.934412982602960255e+04 1.136909431056586817e+00 2.158526617197045402e-02
5.934413005711003643e+04 1.150159552743672764e+00 2.167721016865158112e-02
5.934413028819046303e+04 1.115502700629686705e+00 2.121510025101588925e-02
5.934413051927089691e+04 1.124916663140848039e+00 2.168029148982376572e-02
5.934413075035132351e+04 1.069248898887557697e+00 2.156628698209048928e-02
5.934413098143175739e+04 1.082594524731368857e+00 2.122282435838104483e-02
5.934413121251219127e+04 1.067592336886670212e+00 2.115774471395639664e-02
